../input_graphs/mc_er_inputs/er_1600_16.in,11449,3,1600,25600,237.525657,17.697656,38,low,1500
../input_graphs/mc_er_inputs/er_1600_16.in,10801,3,1600,25600,229.064383,8.904954,38,low,1500
../input_graphs/mc_er_inputs/er_1600_16.in,32719,3,1600,25600,240.167747,0.002827,38,low,1500
../input_graphs/mc_er_inputs/er_1600_16.in,29510,3,1600,25600,239.402630,0.002735,38,low,1500
../input_graphs/mc_er_inputs/er_1600_16.in,3414,3,1600,25600,245.694126,27.463942,38,low,1500
../input_graphs/mc_er_inputs/er_1600_16.in,18099,4,1600,25600,185.021330,32.978366,28,low,1500
../input_graphs/mc_er_inputs/er_1600_16.in,11472,4,1600,25600,185.573679,7.142118,28,low,1500
../input_graphs/mc_er_inputs/er_1600_16.in,13797,4,1600,25600,170.522236,13.130823,28,low,1500
../input_graphs/mc_er_inputs/er_1600_16.in,28926,4,1600,25600,181.392741,0.002963,28,low,1500
../input_graphs/mc_er_inputs/er_1600_16.in,13447,4,1600,25600,171.085380,4.886875,28,low,1500
../input_graphs/mc_er_inputs/er_1600_16.in,4237,5,1600,25600,148.004011,3.252178,23,low,1500
../input_graphs/mc_er_inputs/er_1600_16.in,22577,5,1600,25600,157.551731,30.194390,23,low,1500
../input_graphs/mc_er_inputs/er_1600_16.in,31868,5,1600,25600,151.121272,10.544188,23,low,1500
../input_graphs/mc_er_inputs/er_1600_16.in,18527,5,1600,25600,141.907033,5.733576,23,low,1500
../input_graphs/mc_er_inputs/er_1600_16.in,2406,5,1600,25600,146.794879,9.405569,23,low,1500
../input_graphs/mc_er_inputs/er_1600_16.in,17829,6,1600,25600,125.294641,11.415583,19,low,1500
../input_graphs/mc_er_inputs/er_1600_16.in,4431,6,1600,25600,127.343445,10.046213,19,low,1500
../input_graphs/mc_er_inputs/er_1600_16.in,27054,6,1600,25600,126.396073,9.932293,19,low,1500
../input_graphs/mc_er_inputs/er_1600_16.in,17352,6,1600,25600,125.338646,7.816445,19,low,1500
../input_graphs/mc_er_inputs/er_1600_16.in,14695,6,1600,25600,123.155497,11.208829,19,low,1500
../input_graphs/mc_er_inputs/er_1600_16.in,21970,8,1600,25600,89.771644,13.722406,14,low,1500
../input_graphs/mc_er_inputs/er_1600_16.in,24206,8,1600,25600,94.511645,10.439443,14,low,1500
../input_graphs/mc_er_inputs/er_1600_16.in,26388,8,1600,25600,88.227697,4.890068,14,low,1500
../input_graphs/mc_er_inputs/er_1600_16.in,3944,8,1600,25600,92.752201,1.682423,14,low,1500
../input_graphs/mc_er_inputs/er_1600_16.in,30629,8,1600,25600,94.863035,17.618627,14,low,1500
../input_graphs/mc_er_inputs/er_1600_16.in,1936,10,1600,25600,80.430857,20.929694,12,low,1500
../input_graphs/mc_er_inputs/er_1600_16.in,12695,10,1600,25600,81.199606,19.497184,12,low,1500
../input_graphs/mc_er_inputs/er_1600_16.in,23094,10,1600,25600,81.735752,9.861664,12,low,1500
../input_graphs/mc_er_inputs/er_1600_16.in,17975,10,1600,25600,88.879288,17.992992,12,low,1500
../input_graphs/mc_er_inputs/er_1600_16.in,21379,10,1600,25600,78.468757,9.249999,12,low,1500
../input_graphs/mc_er_inputs/er_1600_16.in,31539,12,1600,25600,68.435452,13.396882,10,low,1500
../input_graphs/mc_er_inputs/er_1600_16.in,24595,12,1600,25600,68.842558,5.613699,10,low,1500
../input_graphs/mc_er_inputs/er_1600_16.in,10666,12,1600,25600,70.207718,14.184695,10,low,1500
../input_graphs/mc_er_inputs/er_1600_16.in,31665,12,1600,25600,69.025908,21.268192,10,low,1500
../input_graphs/mc_er_inputs/er_1600_16.in,16265,12,1600,25600,68.056330,13.243129,10,low,1500
../input_graphs/mc_er_inputs/er_1600_16.in,27879,16,1600,25600,48.116991,9.419911,7,low,1500
../input_graphs/mc_er_inputs/er_1600_16.in,25745,16,1600,25600,56.485206,15.130234,7,low,1500
../input_graphs/mc_er_inputs/er_1600_16.in,27574,16,1600,25600,54.621853,12.870024,7,low,1500
../input_graphs/mc_er_inputs/er_1600_16.in,10921,16,1600,25600,60.056917,18.981760,7,low,1500
../input_graphs/mc_er_inputs/er_1600_16.in,28454,16,1600,25600,51.465638,14.654342,7,low,1500
../input_graphs/mc_er_inputs/er_1600_16.in,12006,20,1600,25600,95.458384,63.073645,6,low,1500
../input_graphs/mc_er_inputs/er_1600_16.in,12825,20,1600,25600,81.769279,44.912458,6,low,1500
../input_graphs/mc_er_inputs/er_1600_16.in,6296,20,1600,25600,85.785805,53.041838,6,low,1500
../input_graphs/mc_er_inputs/er_1600_16.in,12734,20,1600,25600,93.870401,66.619653,6,low,1500
../input_graphs/mc_er_inputs/er_1600_16.in,25903,20,1600,25600,88.621738,52.540621,6,low,1500
