../input_graphs/mc_er_inputs/er_2400_24.in,27389,3,2400,57600,232.875988,1.856884,43,low,2800
../input_graphs/mc_er_inputs/er_2400_24.in,7608,3,2400,57600,219.922203,7.830588,43,low,2800
../input_graphs/mc_er_inputs/er_2400_24.in,8931,3,2400,57600,242.541107,49.469452,43,low,2800
../input_graphs/mc_er_inputs/er_2400_24.in,368,3,2400,57600,212.117673,11.651302,43,low,2800
../input_graphs/mc_er_inputs/er_2400_24.in,673,3,2400,57600,217.643685,10.644289,43,low,2800
../input_graphs/mc_er_inputs/er_2400_24.in,9861,4,2400,57600,167.042877,6.852305,32,low,2800
../input_graphs/mc_er_inputs/er_2400_24.in,28270,4,2400,57600,191.936250,0.040661,32,low,2800
../input_graphs/mc_er_inputs/er_2400_24.in,5186,4,2400,57600,191.779300,12.517785,32,low,2800
../input_graphs/mc_er_inputs/er_2400_24.in,8429,4,2400,57600,184.130545,39.623283,32,low,2800
../input_graphs/mc_er_inputs/er_2400_24.in,13246,4,2400,57600,179.555421,41.692151,32,low,2800
../input_graphs/mc_er_inputs/er_2400_24.in,32697,5,2400,57600,145.813238,3.322101,26,low,2800
../input_graphs/mc_er_inputs/er_2400_24.in,21007,5,2400,57600,152.327543,0.061901,26,low,2800
../input_graphs/mc_er_inputs/er_2400_24.in,22506,5,2400,57600,143.018937,0.062129,26,low,2800
../input_graphs/mc_er_inputs/er_2400_24.in,29108,5,2400,57600,145.194018,10.331678,26,low,2800
../input_graphs/mc_er_inputs/er_2400_24.in,27329,5,2400,57600,132.832749,2.557782,26,low,2800
../input_graphs/mc_er_inputs/er_2400_24.in,14475,6,2400,57600,135.552792,16.065002,22,low,2800
../input_graphs/mc_er_inputs/er_2400_24.in,20376,6,2400,57600,126.795378,7.910743,22,low,2800
../input_graphs/mc_er_inputs/er_2400_24.in,3562,6,2400,57600,119.630357,29.335530,22,low,2800
../input_graphs/mc_er_inputs/er_2400_24.in,8455,6,2400,57600,137.220251,38.725012,22,low,2800
../input_graphs/mc_er_inputs/er_2400_24.in,25007,6,2400,57600,135.016137,32.320593,22,low,2800
../input_graphs/mc_er_inputs/er_2400_24.in,26918,8,2400,57600,103.969131,18.716885,16,low,2800
../input_graphs/mc_er_inputs/er_2400_24.in,22925,8,2400,57600,92.420114,29.967232,16,low,2800
../input_graphs/mc_er_inputs/er_2400_24.in,15623,8,2400,57600,88.363249,26.012963,16,low,2800
../input_graphs/mc_er_inputs/er_2400_24.in,9088,8,2400,57600,94.753585,18.920609,16,low,2800
../input_graphs/mc_er_inputs/er_2400_24.in,18138,8,2400,57600,98.367707,30.968459,16,low,2800
../input_graphs/mc_er_inputs/er_2400_24.in,19753,10,2400,57600,87.480243,20.228238,13,low,2800
../input_graphs/mc_er_inputs/er_2400_24.in,32441,10,2400,57600,77.949311,19.508276,13,low,2800
../input_graphs/mc_er_inputs/er_2400_24.in,10921,10,2400,57600,83.678361,20.645586,13,low,2800
../input_graphs/mc_er_inputs/er_2400_24.in,19087,10,2400,57600,85.494333,27.254245,13,low,2800
../input_graphs/mc_er_inputs/er_2400_24.in,6939,10,2400,57600,71.855177,19.639955,13,low,2800
../input_graphs/mc_er_inputs/er_2400_24.in,13704,12,2400,57600,74.359113,17.573667,11,low,2800
../input_graphs/mc_er_inputs/er_2400_24.in,29929,12,2400,57600,70.995356,14.070324,11,low,2800
../input_graphs/mc_er_inputs/er_2400_24.in,4286,12,2400,57600,81.081044,28.860862,11,low,2800
../input_graphs/mc_er_inputs/er_2400_24.in,24383,12,2400,57600,68.775184,27.468110,11,low,2800
../input_graphs/mc_er_inputs/er_2400_24.in,24872,12,2400,57600,72.325315,12.828993,11,low,2800
../input_graphs/mc_er_inputs/er_2400_24.in,18145,16,2400,57600,59.820664,31.884061,8,low,2800
../input_graphs/mc_er_inputs/er_2400_24.in,4572,16,2400,57600,49.341872,7.106612,8,low,2800
../input_graphs/mc_er_inputs/er_2400_24.in,8480,16,2400,57600,75.107307,42.193729,8,low,2800
../input_graphs/mc_er_inputs/er_2400_24.in,19672,16,2400,57600,61.863568,28.172396,8,low,2800
../input_graphs/mc_er_inputs/er_2400_24.in,9301,16,2400,57600,60.753535,21.537398,8,low,2800
../input_graphs/mc_er_inputs/er_2400_24.in,2049,20,2400,57600,103.030670,71.848138,7,low,2800
../input_graphs/mc_er_inputs/er_2400_24.in,32103,20,2400,57600,82.548672,56.505751,7,low,2800
../input_graphs/mc_er_inputs/er_2400_24.in,4594,20,2400,57600,114.792938,79.025130,7,low,2800
../input_graphs/mc_er_inputs/er_2400_24.in,23004,20,2400,57600,94.196316,65.382760,7,low,2800
../input_graphs/mc_er_inputs/er_2400_24.in,12892,20,2400,57600,79.206627,43.951304,7,low,2800
