../input_graphs/mc_er_inputs/er_4800_48.in,18003,3,4800,230400,502.488513,17.365845,54,low,6400
../input_graphs/mc_er_inputs/er_4800_48.in,30928,3,4800,230400,503.708983,0.178178,54,low,6400
../input_graphs/mc_er_inputs/er_4800_48.in,19426,3,4800,230400,504.938369,14.105219,54,low,6400
../input_graphs/mc_er_inputs/er_4800_48.in,29295,3,4800,230400,510.688220,0.180076,54,low,6400
../input_graphs/mc_er_inputs/er_4800_48.in,2232,3,4800,230400,517.003337,0.177952,54,low,6400
../input_graphs/mc_er_inputs/er_4800_48.in,27602,4,4800,230400,365.631112,5.429819,41,low,6400
../input_graphs/mc_er_inputs/er_4800_48.in,21963,4,4800,230400,388.065162,57.557567,41,low,6400
../input_graphs/mc_er_inputs/er_4800_48.in,1593,4,4800,230400,384.154275,11.477654,41,low,6400
../input_graphs/mc_er_inputs/er_4800_48.in,4352,4,4800,230400,379.551705,7.508504,41,low,6400
../input_graphs/mc_er_inputs/er_4800_48.in,15655,4,4800,230400,403.305686,33.799423,41,low,6400
../input_graphs/mc_er_inputs/er_4800_48.in,25345,5,4800,230400,320.610001,15.126113,33,low,6400
../input_graphs/mc_er_inputs/er_4800_48.in,29653,5,4800,230400,311.293138,22.368569,33,low,6400
../input_graphs/mc_er_inputs/er_4800_48.in,25820,5,4800,230400,302.815534,15.373078,33,low,6400
../input_graphs/mc_er_inputs/er_4800_48.in,10138,5,4800,230400,308.724432,14.844654,33,low,6400
../input_graphs/mc_er_inputs/er_4800_48.in,28545,5,4800,230400,317.617067,18.994037,33,low,6400
../input_graphs/mc_er_inputs/er_4800_48.in,14254,6,4800,230400,258.651868,0.274706,27,low,6400
../input_graphs/mc_er_inputs/er_4800_48.in,2167,6,4800,230400,251.773128,18.522658,27,low,6400
../input_graphs/mc_er_inputs/er_4800_48.in,22005,6,4800,230400,263.959996,23.117674,27,low,6400
../input_graphs/mc_er_inputs/er_4800_48.in,2108,6,4800,230400,271.606373,31.332639,27,low,6400
../input_graphs/mc_er_inputs/er_4800_48.in,9783,6,4800,230400,250.483968,21.596764,27,low,6400
../input_graphs/mc_er_inputs/er_4800_48.in,27852,8,4800,230400,192.988846,5.907962,21,low,6400
../input_graphs/mc_er_inputs/er_4800_48.in,27862,8,4800,230400,196.137642,33.167565,21,low,6400
../input_graphs/mc_er_inputs/er_4800_48.in,24039,8,4800,230400,206.690551,21.021823,21,low,6400
../input_graphs/mc_er_inputs/er_4800_48.in,30158,8,4800,230400,206.115494,24.875252,21,low,6400
../input_graphs/mc_er_inputs/er_4800_48.in,21679,8,4800,230400,199.960953,3.618798,21,low,6400
../input_graphs/mc_er_inputs/er_4800_48.in,17670,10,4800,230400,163.815760,7.334168,17,low,6400
../input_graphs/mc_er_inputs/er_4800_48.in,14809,10,4800,230400,174.624302,18.531639,17,low,6400
../input_graphs/mc_er_inputs/er_4800_48.in,226,10,4800,230400,168.899872,19.643561,17,low,6400
../input_graphs/mc_er_inputs/er_4800_48.in,30100,10,4800,230400,167.342247,26.431207,17,low,6400
../input_graphs/mc_er_inputs/er_4800_48.in,21904,10,4800,230400,188.011534,46.209874,17,low,6400
../input_graphs/mc_er_inputs/er_4800_48.in,25380,12,4800,230400,145.056156,24.790010,14,low,6400
../input_graphs/mc_er_inputs/er_4800_48.in,26843,12,4800,230400,147.041683,24.978118,14,low,6400
../input_graphs/mc_er_inputs/er_4800_48.in,12844,12,4800,230400,138.237892,13.589145,14,low,6400
../input_graphs/mc_er_inputs/er_4800_48.in,29886,12,4800,230400,147.413720,31.443991,14,low,6400
../input_graphs/mc_er_inputs/er_4800_48.in,7158,12,4800,230400,167.516515,41.009208,14,low,6400
../input_graphs/mc_er_inputs/er_4800_48.in,26148,16,4800,230400,157.540535,64.058879,11,low,6400
../input_graphs/mc_er_inputs/er_4800_48.in,21834,16,4800,230400,136.269385,27.082461,11,low,6400
../input_graphs/mc_er_inputs/er_4800_48.in,28483,16,4800,230400,145.792232,52.377140,11,low,6400
../input_graphs/mc_er_inputs/er_4800_48.in,18605,16,4800,230400,150.639407,44.391617,11,low,6400
../input_graphs/mc_er_inputs/er_4800_48.in,30158,16,4800,230400,144.179185,46.397815,11,low,6400
../input_graphs/mc_er_inputs/er_4800_48.in,18559,20,4800,230400,178.382968,100.512579,9,low,6400
../input_graphs/mc_er_inputs/er_4800_48.in,12519,20,4800,230400,178.093796,100.873481,9,low,6400
../input_graphs/mc_er_inputs/er_4800_48.in,16816,20,4800,230400,172.128659,104.164944,9,low,6400
../input_graphs/mc_er_inputs/er_4800_48.in,17302,20,4800,230400,181.262785,104.574289,9,low,6400
../input_graphs/mc_er_inputs/er_4800_48.in,26382,20,4800,230400,166.671868,93.145972,9,low,6400
