../input_graphs/mc_er_inputs/er_3200_32.in,32436,3,3200,102400,363.835099,6.804069,49,low,3400
../input_graphs/mc_er_inputs/er_3200_32.in,3857,3,3200,102400,367.209429,7.376661,49,low,3400
../input_graphs/mc_er_inputs/er_3200_32.in,10250,3,3200,102400,360.589057,4.073461,49,low,3400
../input_graphs/mc_er_inputs/er_3200_32.in,11032,3,3200,102400,369.898438,5.560239,49,low,3400
../input_graphs/mc_er_inputs/er_3200_32.in,28076,3,3200,102400,365.831697,0.076185,49,low,3400
../input_graphs/mc_er_inputs/er_3200_32.in,21675,4,3200,102400,273.529108,0.076016,37,low,3400
../input_graphs/mc_er_inputs/er_3200_32.in,19473,4,3200,102400,274.172088,1.002259,37,low,3400
../input_graphs/mc_er_inputs/er_3200_32.in,2472,4,3200,102400,279.662778,3.714509,37,low,3400
../input_graphs/mc_er_inputs/er_3200_32.in,7832,4,3200,102400,275.716473,1.419345,37,low,3400
../input_graphs/mc_er_inputs/er_3200_32.in,18472,4,3200,102400,280.758232,3.759060,37,low,3400
../input_graphs/mc_er_inputs/er_3200_32.in,31225,5,3200,102400,221.898260,7.309282,29,low,3400
../input_graphs/mc_er_inputs/er_3200_32.in,22755,5,3200,102400,218.934775,6.492117,29,low,3400
../input_graphs/mc_er_inputs/er_3200_32.in,14166,5,3200,102400,219.376276,1.979002,29,low,3400
../input_graphs/mc_er_inputs/er_3200_32.in,31756,5,3200,102400,222.444751,6.898784,29,low,3400
../input_graphs/mc_er_inputs/er_3200_32.in,6789,5,3200,102400,218.379591,0.248382,29,low,3400
../input_graphs/mc_er_inputs/er_3200_32.in,4720,6,3200,102400,185.537571,0.916984,25,low,3400
../input_graphs/mc_er_inputs/er_3200_32.in,399,6,3200,102400,191.220583,2.231538,25,low,3400
../input_graphs/mc_er_inputs/er_3200_32.in,28435,6,3200,102400,186.611509,1.726325,25,low,3400
../input_graphs/mc_er_inputs/er_3200_32.in,27994,6,3200,102400,186.496281,2.571102,25,low,3400
../input_graphs/mc_er_inputs/er_3200_32.in,26561,6,3200,102400,185.862128,4.781023,25,low,3400
../input_graphs/mc_er_inputs/er_3200_32.in,26057,8,3200,102400,144.124651,5.744121,19,low,3400
../input_graphs/mc_er_inputs/er_3200_32.in,2079,8,3200,102400,144.077570,4.151270,19,low,3400
../input_graphs/mc_er_inputs/er_3200_32.in,11488,8,3200,102400,145.472970,0.184081,19,low,3400
../input_graphs/mc_er_inputs/er_3200_32.in,12552,8,3200,102400,142.880932,4.221626,19,low,3400
../input_graphs/mc_er_inputs/er_3200_32.in,7233,8,3200,102400,144.247115,2.665407,19,low,3400
../input_graphs/mc_er_inputs/er_3200_32.in,12215,10,3200,102400,114.021882,6.914290,15,low,3400
../input_graphs/mc_er_inputs/er_3200_32.in,21890,10,3200,102400,120.884145,12.113386,15,low,3400
../input_graphs/mc_er_inputs/er_3200_32.in,25645,10,3200,102400,120.928036,16.034568,15,low,3400
../input_graphs/mc_er_inputs/er_3200_32.in,23644,10,3200,102400,116.611736,4.148400,15,low,3400
../input_graphs/mc_er_inputs/er_3200_32.in,15231,10,3200,102400,115.044293,0.723164,15,low,3400
../input_graphs/mc_er_inputs/er_3200_32.in,16903,12,3200,102400,99.730132,7.974105,13,low,3400
../input_graphs/mc_er_inputs/er_3200_32.in,5133,12,3200,102400,104.208173,11.710972,13,low,3400
../input_graphs/mc_er_inputs/er_3200_32.in,8488,12,3200,102400,107.689356,11.619456,13,low,3400
../input_graphs/mc_er_inputs/er_3200_32.in,32575,12,3200,102400,103.086185,4.774239,13,low,3400
../input_graphs/mc_er_inputs/er_3200_32.in,12693,12,3200,102400,104.433613,12.815656,13,low,3400
../input_graphs/mc_er_inputs/er_3200_32.in,13895,16,3200,102400,100.399558,27.473048,10,low,3400
../input_graphs/mc_er_inputs/er_3200_32.in,30005,16,3200,102400,100.493213,29.443139,10,low,3400
../input_graphs/mc_er_inputs/er_3200_32.in,28308,16,3200,102400,100.284467,25.233905,10,low,3400
../input_graphs/mc_er_inputs/er_3200_32.in,23036,16,3200,102400,107.770373,32.409131,10,low,3400
../input_graphs/mc_er_inputs/er_3200_32.in,17146,16,3200,102400,103.490921,29.990272,10,low,3400
../input_graphs/mc_er_inputs/er_3200_32.in,17383,20,3200,102400,135.137626,77.434969,8,low,3400
../input_graphs/mc_er_inputs/er_3200_32.in,9931,20,3200,102400,136.317035,76.837149,8,low,3400
../input_graphs/mc_er_inputs/er_3200_32.in,30,20,3200,102400,138.761486,84.516411,8,low,3400
../input_graphs/mc_er_inputs/er_3200_32.in,23304,20,3200,102400,135.824558,77.381578,8,low,3400
../input_graphs/mc_er_inputs/er_3200_32.in,1049,20,3200,102400,138.891920,79.745289,8,low,3400
