../input_graphs/mc_er_inputs/er_1600_16.in,5197,3,1600,25600,236.946624,11.912763,38,low,1500
../input_graphs/mc_er_inputs/er_1600_16.in,26175,3,1600,25600,240.310168,0.002816,38,low,1500
../input_graphs/mc_er_inputs/er_1600_16.in,14585,3,1600,25600,242.450616,27.646579,38,low,1500
../input_graphs/mc_er_inputs/er_1600_16.in,5540,3,1600,25600,234.805719,0.002877,38,low,1500
../input_graphs/mc_er_inputs/er_1600_16.in,27179,3,1600,25600,246.634972,0.003832,38,low,1500
../input_graphs/mc_er_inputs/er_1600_16.in,14918,4,1600,25600,175.820313,5.158424,28,low,1500
../input_graphs/mc_er_inputs/er_1600_16.in,25777,4,1600,25600,177.509027,0.103766,28,low,1500
../input_graphs/mc_er_inputs/er_1600_16.in,12652,4,1600,25600,177.279919,21.682047,28,low,1500
../input_graphs/mc_er_inputs/er_1600_16.in,14082,4,1600,25600,182.398589,0.003985,28,low,1500
../input_graphs/mc_er_inputs/er_1600_16.in,8940,4,1600,25600,167.009637,3.573894,28,low,1500
../input_graphs/mc_er_inputs/er_1600_16.in,18504,5,1600,25600,144.450157,0.079809,23,low,1500
../input_graphs/mc_er_inputs/er_1600_16.in,29148,5,1600,25600,147.454427,10.212268,23,low,1500
../input_graphs/mc_er_inputs/er_1600_16.in,9104,5,1600,25600,145.817279,3.007513,23,low,1500
../input_graphs/mc_er_inputs/er_1600_16.in,20884,5,1600,25600,144.580017,10.089690,23,low,1500
../input_graphs/mc_er_inputs/er_1600_16.in,30536,5,1600,25600,145.336215,18.273436,23,low,1500
../input_graphs/mc_er_inputs/er_1600_16.in,22363,6,1600,25600,117.741916,5.208100,19,low,1500
../input_graphs/mc_er_inputs/er_1600_16.in,12627,6,1600,25600,123.730405,9.171017,19,low,1500
../input_graphs/mc_er_inputs/er_1600_16.in,19657,6,1600,25600,120.244743,7.467630,19,low,1500
../input_graphs/mc_er_inputs/er_1600_16.in,13227,6,1600,25600,124.025711,7.456799,19,low,1500
../input_graphs/mc_er_inputs/er_1600_16.in,13957,6,1600,25600,119.773986,6.489512,19,low,1500
../input_graphs/mc_er_inputs/er_1600_16.in,27804,8,1600,25600,93.466216,25.671611,14,low,1500
../input_graphs/mc_er_inputs/er_1600_16.in,31262,8,1600,25600,93.021749,9.028995,14,low,1500
../input_graphs/mc_er_inputs/er_1600_16.in,19157,8,1600,25600,95.000482,10.125509,14,low,1500
../input_graphs/mc_er_inputs/er_1600_16.in,29748,8,1600,25600,90.540656,12.662116,14,low,1500
../input_graphs/mc_er_inputs/er_1600_16.in,8845,8,1600,25600,91.873870,9.199872,14,low,1500
../input_graphs/mc_er_inputs/er_1600_16.in,25818,10,1600,25600,77.231359,10.633993,12,low,1500
../input_graphs/mc_er_inputs/er_1600_16.in,12534,10,1600,25600,80.690389,11.872442,12,low,1500
../input_graphs/mc_er_inputs/er_1600_16.in,3734,10,1600,25600,79.397354,7.333418,12,low,1500
../input_graphs/mc_er_inputs/er_1600_16.in,19919,10,1600,25600,78.703667,2.486043,12,low,1500
../input_graphs/mc_er_inputs/er_1600_16.in,1583,10,1600,25600,79.109331,13.457123,12,low,1500
../input_graphs/mc_er_inputs/er_1600_16.in,3708,12,1600,25600,71.079097,8.793841,10,low,1500
../input_graphs/mc_er_inputs/er_1600_16.in,5433,12,1600,25600,67.270904,12.484348,10,low,1500
../input_graphs/mc_er_inputs/er_1600_16.in,29450,12,1600,25600,73.843636,14.276972,10,low,1500
../input_graphs/mc_er_inputs/er_1600_16.in,8496,12,1600,25600,68.612674,8.661765,10,low,1500
../input_graphs/mc_er_inputs/er_1600_16.in,4441,12,1600,25600,69.920552,4.162484,10,low,1500
../input_graphs/mc_er_inputs/er_1600_16.in,30255,16,1600,25600,58.071798,18.813995,7,low,1500
../input_graphs/mc_er_inputs/er_1600_16.in,17574,16,1600,25600,52.585945,12.844122,7,low,1500
../input_graphs/mc_er_inputs/er_1600_16.in,7192,16,1600,25600,45.125948,9.817101,7,low,1500
../input_graphs/mc_er_inputs/er_1600_16.in,31957,16,1600,25600,54.182660,23.498519,7,low,1500
../input_graphs/mc_er_inputs/er_1600_16.in,4785,16,1600,25600,64.042866,24.352800,7,low,1500
../input_graphs/mc_er_inputs/er_1600_16.in,21377,20,1600,25600,91.585337,56.206521,6,low,1500
../input_graphs/mc_er_inputs/er_1600_16.in,19139,20,1600,25600,93.250452,62.524820,6,low,1500
../input_graphs/mc_er_inputs/er_1600_16.in,25860,20,1600,25600,88.276966,50.236409,6,low,1500
../input_graphs/mc_er_inputs/er_1600_16.in,3072,20,1600,25600,88.815530,52.755152,6,low,1500
../input_graphs/mc_er_inputs/er_1600_16.in,21971,20,1600,25600,87.053553,59.469854,6,low,1500
