../input_graphs/mc_er_inputs/er_3200_32.in,14868,3,3200,102400,363.073024,0.073237,49,low,3400
../input_graphs/mc_er_inputs/er_3200_32.in,6741,3,3200,102400,369.350922,0.075950,49,low,3400
../input_graphs/mc_er_inputs/er_3200_32.in,24885,3,3200,102400,361.680578,2.142176,49,low,3400
../input_graphs/mc_er_inputs/er_3200_32.in,3941,3,3200,102400,367.220768,4.197988,49,low,3400
../input_graphs/mc_er_inputs/er_3200_32.in,20717,3,3200,102400,365.062395,0.075234,49,low,3400
../input_graphs/mc_er_inputs/er_3200_32.in,467,4,3200,102400,279.473813,8.803052,37,low,3400
../input_graphs/mc_er_inputs/er_3200_32.in,18124,4,3200,102400,281.529249,8.001655,37,low,3400
../input_graphs/mc_er_inputs/er_3200_32.in,7740,4,3200,102400,277.630484,7.849321,37,low,3400
../input_graphs/mc_er_inputs/er_3200_32.in,32592,4,3200,102400,275.305222,1.354231,37,low,3400
../input_graphs/mc_er_inputs/er_3200_32.in,25523,4,3200,102400,282.288867,0.073572,37,low,3400
../input_graphs/mc_er_inputs/er_3200_32.in,15618,5,3200,102400,216.908900,8.842495,29,low,3400
../input_graphs/mc_er_inputs/er_3200_32.in,25802,5,3200,102400,218.297940,3.703177,29,low,3400
../input_graphs/mc_er_inputs/er_3200_32.in,10892,5,3200,102400,221.854556,7.879164,29,low,3400
../input_graphs/mc_er_inputs/er_3200_32.in,25952,5,3200,102400,216.467516,3.443062,29,low,3400
../input_graphs/mc_er_inputs/er_3200_32.in,9343,5,3200,102400,217.798272,2.767653,29,low,3400
../input_graphs/mc_er_inputs/er_3200_32.in,18604,6,3200,102400,188.828029,3.116685,25,low,3400
../input_graphs/mc_er_inputs/er_3200_32.in,19438,6,3200,102400,186.783363,4.611542,25,low,3400
../input_graphs/mc_er_inputs/er_3200_32.in,5089,6,3200,102400,190.228780,9.748685,25,low,3400
../input_graphs/mc_er_inputs/er_3200_32.in,10616,6,3200,102400,190.543914,0.123405,25,low,3400
../input_graphs/mc_er_inputs/er_3200_32.in,15697,6,3200,102400,189.765209,4.208064,25,low,3400
../input_graphs/mc_er_inputs/er_3200_32.in,10641,8,3200,102400,149.527447,10.905297,19,low,3400
../input_graphs/mc_er_inputs/er_3200_32.in,3021,8,3200,102400,146.759496,11.657311,19,low,3400
../input_graphs/mc_er_inputs/er_3200_32.in,16972,8,3200,102400,145.071475,1.017528,19,low,3400
../input_graphs/mc_er_inputs/er_3200_32.in,8282,8,3200,102400,145.077635,4.743111,19,low,3400
../input_graphs/mc_er_inputs/er_3200_32.in,5271,8,3200,102400,145.689304,5.579186,19,low,3400
../input_graphs/mc_er_inputs/er_3200_32.in,21412,10,3200,102400,116.141206,4.895851,15,low,3400
../input_graphs/mc_er_inputs/er_3200_32.in,19747,10,3200,102400,117.263711,6.501923,15,low,3400
../input_graphs/mc_er_inputs/er_3200_32.in,25949,10,3200,102400,120.727112,15.241221,15,low,3400
../input_graphs/mc_er_inputs/er_3200_32.in,29995,10,3200,102400,118.135912,11.777188,15,low,3400
../input_graphs/mc_er_inputs/er_3200_32.in,27003,10,3200,102400,119.433868,10.655584,15,low,3400
../input_graphs/mc_er_inputs/er_3200_32.in,18013,12,3200,102400,100.210536,2.405354,13,low,3400
../input_graphs/mc_er_inputs/er_3200_32.in,6855,12,3200,102400,101.064986,9.786956,13,low,3400
../input_graphs/mc_er_inputs/er_3200_32.in,13176,12,3200,102400,101.299220,8.291398,13,low,3400
../input_graphs/mc_er_inputs/er_3200_32.in,7938,12,3200,102400,102.784713,9.764478,13,low,3400
../input_graphs/mc_er_inputs/er_3200_32.in,18875,12,3200,102400,102.748913,11.532130,13,low,3400
../input_graphs/mc_er_inputs/er_3200_32.in,6207,16,3200,102400,96.700341,23.187144,10,low,3400
../input_graphs/mc_er_inputs/er_3200_32.in,1999,16,3200,102400,96.979037,26.662543,10,low,3400
../input_graphs/mc_er_inputs/er_3200_32.in,10745,16,3200,102400,102.954161,27.867387,10,low,3400
../input_graphs/mc_er_inputs/er_3200_32.in,17964,16,3200,102400,108.860814,36.829750,10,low,3400
../input_graphs/mc_er_inputs/er_3200_32.in,3303,16,3200,102400,103.098393,27.767824,10,low,3400
../input_graphs/mc_er_inputs/er_3200_32.in,7794,20,3200,102400,134.833920,77.576827,8,low,3400
../input_graphs/mc_er_inputs/er_3200_32.in,27803,20,3200,102400,138.311210,81.298938,8,low,3400
../input_graphs/mc_er_inputs/er_3200_32.in,15679,20,3200,102400,136.966850,79.563921,8,low,3400
../input_graphs/mc_er_inputs/er_3200_32.in,30415,20,3200,102400,136.765489,78.875446,8,low,3400
../input_graphs/mc_er_inputs/er_3200_32.in,4610,20,3200,102400,137.863715,77.726082,8,low,3400
