../input_graphs/mc_er_inputs/er_4800_48.in,17632,3,4800,230400,508.945462,0.181220,54,low,6400
../input_graphs/mc_er_inputs/er_4800_48.in,21649,3,4800,230400,506.196573,0.178419,54,low,6400
../input_graphs/mc_er_inputs/er_4800_48.in,5537,3,4800,230400,495.647490,32.916219,54,low,6400
../input_graphs/mc_er_inputs/er_4800_48.in,15370,3,4800,230400,499.257211,22.417009,54,low,6400
../input_graphs/mc_er_inputs/er_4800_48.in,13939,3,4800,230400,503.539051,14.878070,54,low,6400
../input_graphs/mc_er_inputs/er_4800_48.in,23394,4,4800,230400,365.116523,5.761159,41,low,6400
../input_graphs/mc_er_inputs/er_4800_48.in,11846,4,4800,230400,371.282444,3.702849,41,low,6400
../input_graphs/mc_er_inputs/er_4800_48.in,9692,4,4800,230400,380.707981,4.970101,41,low,6400
../input_graphs/mc_er_inputs/er_4800_48.in,18615,4,4800,230400,386.351174,14.457693,41,low,6400
../input_graphs/mc_er_inputs/er_4800_48.in,7289,4,4800,230400,394.581140,16.451553,41,low,6400
../input_graphs/mc_er_inputs/er_4800_48.in,30984,5,4800,230400,306.744217,15.485557,33,low,6400
../input_graphs/mc_er_inputs/er_4800_48.in,9741,5,4800,230400,311.448977,6.486618,33,low,6400
../input_graphs/mc_er_inputs/er_4800_48.in,12566,5,4800,230400,309.510738,11.630701,33,low,6400
../input_graphs/mc_er_inputs/er_4800_48.in,7120,5,4800,230400,315.847038,6.160593,33,low,6400
../input_graphs/mc_er_inputs/er_4800_48.in,6857,5,4800,230400,318.354862,6.114494,33,low,6400
../input_graphs/mc_er_inputs/er_4800_48.in,5174,6,4800,230400,258.916439,36.027784,27,low,6400
../input_graphs/mc_er_inputs/er_4800_48.in,7899,6,4800,230400,250.568047,7.778725,27,low,6400
../input_graphs/mc_er_inputs/er_4800_48.in,21259,6,4800,230400,261.287836,28.968210,27,low,6400
../input_graphs/mc_er_inputs/er_4800_48.in,13390,6,4800,230400,270.894150,32.490495,27,low,6400
../input_graphs/mc_er_inputs/er_4800_48.in,32486,6,4800,230400,260.398650,9.138810,27,low,6400
../input_graphs/mc_er_inputs/er_4800_48.in,27774,8,4800,230400,202.546060,22.309622,21,low,6400
../input_graphs/mc_er_inputs/er_4800_48.in,28409,8,4800,230400,203.238425,22.681411,21,low,6400
../input_graphs/mc_er_inputs/er_4800_48.in,13183,8,4800,230400,202.416457,3.258683,21,low,6400
../input_graphs/mc_er_inputs/er_4800_48.in,24234,8,4800,230400,202.644606,20.365551,21,low,6400
../input_graphs/mc_er_inputs/er_4800_48.in,2561,8,4800,230400,197.552847,8.091429,21,low,6400
../input_graphs/mc_er_inputs/er_4800_48.in,201,10,4800,230400,167.988354,8.335486,17,low,6400
../input_graphs/mc_er_inputs/er_4800_48.in,9619,10,4800,230400,169.199527,29.858728,17,low,6400
../input_graphs/mc_er_inputs/er_4800_48.in,26243,10,4800,230400,172.492121,23.698001,17,low,6400
../input_graphs/mc_er_inputs/er_4800_48.in,19827,10,4800,230400,166.486908,21.403471,17,low,6400
../input_graphs/mc_er_inputs/er_4800_48.in,30978,10,4800,230400,164.612849,10.444395,17,low,6400
../input_graphs/mc_er_inputs/er_4800_48.in,8212,12,4800,230400,143.593710,9.050826,14,low,6400
../input_graphs/mc_er_inputs/er_4800_48.in,2956,12,4800,230400,137.013705,23.696419,14,low,6400
../input_graphs/mc_er_inputs/er_4800_48.in,21832,12,4800,230400,140.890899,4.505013,14,low,6400
../input_graphs/mc_er_inputs/er_4800_48.in,31739,12,4800,230400,139.311520,34.490510,14,low,6400
../input_graphs/mc_er_inputs/er_4800_48.in,15145,12,4800,230400,142.204378,24.102812,14,low,6400
../input_graphs/mc_er_inputs/er_4800_48.in,12160,16,4800,230400,147.649274,54.644027,11,low,6400
../input_graphs/mc_er_inputs/er_4800_48.in,868,16,4800,230400,146.190990,52.603179,11,low,6400
../input_graphs/mc_er_inputs/er_4800_48.in,19461,16,4800,230400,167.488155,73.686142,11,low,6400
../input_graphs/mc_er_inputs/er_4800_48.in,4193,16,4800,230400,136.690541,38.718608,11,low,6400
../input_graphs/mc_er_inputs/er_4800_48.in,23845,16,4800,230400,135.040047,31.255874,11,low,6400
../input_graphs/mc_er_inputs/er_4800_48.in,13475,20,4800,230400,214.054057,128.560416,9,low,6400
../input_graphs/mc_er_inputs/er_4800_48.in,31397,20,4800,230400,187.319569,116.518209,9,low,6400
../input_graphs/mc_er_inputs/er_4800_48.in,29088,20,4800,230400,214.094086,139.172168,9,low,6400
../input_graphs/mc_er_inputs/er_4800_48.in,25488,20,4800,230400,196.737964,126.607244,9,low,6400
../input_graphs/mc_er_inputs/er_4800_48.in,11597,20,4800,230400,193.353344,108.532428,9,low,6400
