../input_graphs/mc_er_inputs/er_2400_24.in,1992,3,2400,57600,238.358042,0.040259,43,low,2800
../input_graphs/mc_er_inputs/er_2400_24.in,27707,3,2400,57600,248.090469,20.486164,43,low,2800
../input_graphs/mc_er_inputs/er_2400_24.in,10008,3,2400,57600,208.453198,13.637285,43,low,2800
../input_graphs/mc_er_inputs/er_2400_24.in,17414,3,2400,57600,226.596380,0.039812,43,low,2800
../input_graphs/mc_er_inputs/er_2400_24.in,30269,3,2400,57600,222.166485,4.289073,43,low,2800
../input_graphs/mc_er_inputs/er_2400_24.in,21853,4,2400,57600,186.023221,16.512830,32,low,2800
../input_graphs/mc_er_inputs/er_2400_24.in,20990,4,2400,57600,163.316523,8.768190,32,low,2800
../input_graphs/mc_er_inputs/er_2400_24.in,6759,4,2400,57600,163.240473,14.538457,32,low,2800
../input_graphs/mc_er_inputs/er_2400_24.in,32374,4,2400,57600,167.283307,1.640109,32,low,2800
../input_graphs/mc_er_inputs/er_2400_24.in,7161,4,2400,57600,183.875830,29.725722,32,low,2800
../input_graphs/mc_er_inputs/er_2400_24.in,6683,5,2400,57600,135.183061,9.590502,26,low,2800
../input_graphs/mc_er_inputs/er_2400_24.in,29616,5,2400,57600,148.231075,0.061927,26,low,2800
../input_graphs/mc_er_inputs/er_2400_24.in,11238,5,2400,57600,143.485411,1.872399,26,low,2800
../input_graphs/mc_er_inputs/er_2400_24.in,7516,5,2400,57600,147.671638,15.282978,26,low,2800
../input_graphs/mc_er_inputs/er_2400_24.in,13877,5,2400,57600,145.904243,0.061951,26,low,2800
../input_graphs/mc_er_inputs/er_2400_24.in,23212,6,2400,57600,115.734992,16.023626,22,low,2800
../input_graphs/mc_er_inputs/er_2400_24.in,24877,6,2400,57600,130.332343,12.352268,22,low,2800
../input_graphs/mc_er_inputs/er_2400_24.in,27660,6,2400,57600,132.080058,30.681572,22,low,2800
../input_graphs/mc_er_inputs/er_2400_24.in,13440,6,2400,57600,125.383692,16.977842,22,low,2800
../input_graphs/mc_er_inputs/er_2400_24.in,21139,6,2400,57600,118.861116,0.071282,22,low,2800
../input_graphs/mc_er_inputs/er_2400_24.in,21108,8,2400,57600,92.398458,8.057795,16,low,2800
../input_graphs/mc_er_inputs/er_2400_24.in,18034,8,2400,57600,92.543893,17.941651,16,low,2800
../input_graphs/mc_er_inputs/er_2400_24.in,999,8,2400,57600,92.996357,0.108997,16,low,2800
../input_graphs/mc_er_inputs/er_2400_24.in,16140,8,2400,57600,92.720327,16.856829,16,low,2800
../input_graphs/mc_er_inputs/er_2400_24.in,17756,8,2400,57600,87.543747,4.961787,16,low,2800
../input_graphs/mc_er_inputs/er_2400_24.in,14307,10,2400,57600,85.884671,23.479356,13,low,2800
../input_graphs/mc_er_inputs/er_2400_24.in,13109,10,2400,57600,85.036760,25.277919,13,low,2800
../input_graphs/mc_er_inputs/er_2400_24.in,30187,10,2400,57600,98.972400,36.349359,13,low,2800
../input_graphs/mc_er_inputs/er_2400_24.in,12698,10,2400,57600,79.543301,16.327209,13,low,2800
../input_graphs/mc_er_inputs/er_2400_24.in,4836,10,2400,57600,84.717293,25.331122,13,low,2800
../input_graphs/mc_er_inputs/er_2400_24.in,26308,12,2400,57600,68.007744,3.713954,11,low,2800
../input_graphs/mc_er_inputs/er_2400_24.in,158,12,2400,57600,72.004277,30.261791,11,low,2800
../input_graphs/mc_er_inputs/er_2400_24.in,1882,12,2400,57600,72.911094,22.519619,11,low,2800
../input_graphs/mc_er_inputs/er_2400_24.in,12363,12,2400,57600,64.189080,6.800114,11,low,2800
../input_graphs/mc_er_inputs/er_2400_24.in,19340,12,2400,57600,68.831593,15.317414,11,low,2800
../input_graphs/mc_er_inputs/er_2400_24.in,30327,16,2400,57600,64.598156,20.078056,8,low,2800
../input_graphs/mc_er_inputs/er_2400_24.in,14156,16,2400,57600,49.032780,13.918058,8,low,2800
../input_graphs/mc_er_inputs/er_2400_24.in,30156,16,2400,57600,55.933490,26.773482,8,low,2800
../input_graphs/mc_er_inputs/er_2400_24.in,17116,16,2400,57600,57.289380,28.759933,8,low,2800
../input_graphs/mc_er_inputs/er_2400_24.in,12211,16,2400,57600,44.316740,15.145778,8,low,2800
../input_graphs/mc_er_inputs/er_2400_24.in,17001,20,2400,57600,89.261405,59.447949,7,low,2800
../input_graphs/mc_er_inputs/er_2400_24.in,1936,20,2400,57600,115.482833,85.733634,7,low,2800
../input_graphs/mc_er_inputs/er_2400_24.in,6174,20,2400,57600,105.609022,79.958184,7,low,2800
../input_graphs/mc_er_inputs/er_2400_24.in,3062,20,2400,57600,104.828722,68.882696,7,low,2800
../input_graphs/mc_er_inputs/er_2400_24.in,25297,20,2400,57600,107.076006,72.414000,7,low,2800
