../input_graphs/mc_er_inputs/er_2400_32.in,15735,3,2400,76800,231.643953,4.328619,37,low,4000
../input_graphs/mc_er_inputs/er_2400_32.in,31798,3,2400,76800,232.020180,1.824024,37,low,4000
../input_graphs/mc_er_inputs/er_2400_32.in,30559,3,2400,76800,235.304600,2.930256,37,low,4000
../input_graphs/mc_er_inputs/er_2400_32.in,14472,3,2400,76800,229.785909,0.055295,37,low,4000
../input_graphs/mc_er_inputs/er_2400_32.in,7451,3,2400,76800,232.579201,0.054934,37,low,4000
../input_graphs/mc_er_inputs/er_2400_32.in,4998,4,2400,76800,177.065474,4.564638,28,low,4000
../input_graphs/mc_er_inputs/er_2400_32.in,26652,4,2400,76800,173.084056,2.111606,28,low,4000
../input_graphs/mc_er_inputs/er_2400_32.in,17295,4,2400,76800,175.006639,4.304175,28,low,4000
../input_graphs/mc_er_inputs/er_2400_32.in,7063,4,2400,76800,178.618370,2.281343,28,low,4000
../input_graphs/mc_er_inputs/er_2400_32.in,31468,4,2400,76800,176.431427,3.223552,28,low,4000
../input_graphs/mc_er_inputs/er_2400_32.in,19154,5,2400,76800,138.233230,5.844711,22,low,4000
../input_graphs/mc_er_inputs/er_2400_32.in,20631,5,2400,76800,138.576828,0.087859,22,low,4000
../input_graphs/mc_er_inputs/er_2400_32.in,32513,5,2400,76800,138.537240,4.483647,22,low,4000
../input_graphs/mc_er_inputs/er_2400_32.in,9970,5,2400,76800,139.729177,0.873084,22,low,4000
../input_graphs/mc_er_inputs/er_2400_32.in,26488,5,2400,76800,138.468760,1.485053,22,low,4000
../input_graphs/mc_er_inputs/er_2400_32.in,14342,6,2400,76800,121.204223,0.633460,19,low,4000
../input_graphs/mc_er_inputs/er_2400_32.in,10412,6,2400,76800,121.716718,3.491885,19,low,4000
../input_graphs/mc_er_inputs/er_2400_32.in,17479,6,2400,76800,118.685545,1.143676,19,low,4000
../input_graphs/mc_er_inputs/er_2400_32.in,6952,6,2400,76800,121.926729,0.473768,19,low,4000
../input_graphs/mc_er_inputs/er_2400_32.in,24891,6,2400,76800,118.433559,0.920055,19,low,4000
../input_graphs/mc_er_inputs/er_2400_32.in,3808,8,2400,76800,89.097517,3.605884,14,low,4000
../input_graphs/mc_er_inputs/er_2400_32.in,5439,8,2400,76800,88.605840,3.231612,14,low,4000
../input_graphs/mc_er_inputs/er_2400_32.in,31981,8,2400,76800,88.839315,2.777252,14,low,4000
../input_graphs/mc_er_inputs/er_2400_32.in,11959,8,2400,76800,89.274561,1.184177,14,low,4000
../input_graphs/mc_er_inputs/er_2400_32.in,63,8,2400,76800,90.875356,6.260859,14,low,4000
../input_graphs/mc_er_inputs/er_2400_32.in,11540,10,2400,76800,71.440524,4.596334,11,low,4000
../input_graphs/mc_er_inputs/er_2400_32.in,13466,10,2400,76800,72.252942,2.749794,11,low,4000
../input_graphs/mc_er_inputs/er_2400_32.in,6926,10,2400,76800,71.373684,5.301507,11,low,4000
../input_graphs/mc_er_inputs/er_2400_32.in,25306,10,2400,76800,71.483864,1.393550,11,low,4000
../input_graphs/mc_er_inputs/er_2400_32.in,27468,10,2400,76800,72.832163,4.280480,11,low,4000
../input_graphs/mc_er_inputs/er_2400_32.in,123,12,2400,76800,67.249359,5.421602,10,low,4000
../input_graphs/mc_er_inputs/er_2400_32.in,11565,12,2400,76800,66.063379,4.204541,10,low,4000
../input_graphs/mc_er_inputs/er_2400_32.in,8890,12,2400,76800,65.890187,4.683924,10,low,4000
../input_graphs/mc_er_inputs/er_2400_32.in,24987,12,2400,76800,64.688291,2.923494,10,low,4000
../input_graphs/mc_er_inputs/er_2400_32.in,7069,12,2400,76800,65.645202,5.355269,10,low,4000
../input_graphs/mc_er_inputs/er_2400_32.in,927,16,2400,76800,46.553193,3.500197,7,low,4000
../input_graphs/mc_er_inputs/er_2400_32.in,25956,16,2400,76800,58.928714,17.267480,7,low,4000
../input_graphs/mc_er_inputs/er_2400_32.in,5987,16,2400,76800,65.794096,23.137259,7,low,4000
../input_graphs/mc_er_inputs/er_2400_32.in,7205,16,2400,76800,68.749684,25.731497,7,low,4000
../input_graphs/mc_er_inputs/er_2400_32.in,21614,16,2400,76800,53.965287,10.841831,7,low,4000
../input_graphs/mc_er_inputs/er_2400_32.in,15279,20,2400,76800,90.665326,52.739524,6,low,4000
../input_graphs/mc_er_inputs/er_2400_32.in,2240,20,2400,76800,85.542240,50.564077,6,low,4000
../input_graphs/mc_er_inputs/er_2400_32.in,10595,20,2400,76800,83.892279,46.116242,6,low,4000
../input_graphs/mc_er_inputs/er_2400_32.in,24982,20,2400,76800,85.650928,49.674995,6,low,4000
../input_graphs/mc_er_inputs/er_2400_32.in,20691,20,2400,76800,86.119723,49.632822,6,low,4000
