../input_graphs/mc_er_inputs/er_1600_32.in,14693,3,1600,51200,243.447767,4.542370,22,low,4200
../input_graphs/mc_er_inputs/er_1600_32.in,17770,3,1600,51200,247.026265,3.955465,22,low,4200
../input_graphs/mc_er_inputs/er_1600_32.in,22875,3,1600,51200,241.354318,2.385232,22,low,4200
../input_graphs/mc_er_inputs/er_1600_32.in,1760,3,1600,51200,245.687906,3.099117,22,low,4200
../input_graphs/mc_er_inputs/er_1600_32.in,5324,3,1600,51200,245.479498,7.069029,22,low,4200
../input_graphs/mc_er_inputs/er_1600_32.in,2301,4,1600,51200,175.741493,2.083118,16,low,4200
../input_graphs/mc_er_inputs/er_1600_32.in,10202,4,1600,51200,179.144868,0.035452,16,low,4200
../input_graphs/mc_er_inputs/er_1600_32.in,31229,4,1600,51200,179.086551,8.555006,16,low,4200
../input_graphs/mc_er_inputs/er_1600_32.in,1137,4,1600,51200,177.305150,0.030698,16,low,4200
../input_graphs/mc_er_inputs/er_1600_32.in,21330,4,1600,51200,177.147877,1.623482,16,low,4200
../input_graphs/mc_er_inputs/er_1600_32.in,19864,5,1600,51200,143.718845,2.069467,13,low,4200
../input_graphs/mc_er_inputs/er_1600_32.in,17089,5,1600,51200,146.067803,1.952023,13,low,4200
../input_graphs/mc_er_inputs/er_1600_32.in,13106,5,1600,51200,148.477468,4.009462,13,low,4200
../input_graphs/mc_er_inputs/er_1600_32.in,16444,5,1600,51200,145.331933,0.051309,13,low,4200
../input_graphs/mc_er_inputs/er_1600_32.in,14129,5,1600,51200,143.486457,0.825329,13,low,4200
../input_graphs/mc_er_inputs/er_1600_32.in,1807,6,1600,51200,122.628600,2.818193,11,low,4200
../input_graphs/mc_er_inputs/er_1600_32.in,3199,6,1600,51200,124.220239,0.952550,11,low,4200
../input_graphs/mc_er_inputs/er_1600_32.in,8949,6,1600,51200,122.384689,1.564428,11,low,4200
../input_graphs/mc_er_inputs/er_1600_32.in,5101,6,1600,51200,123.451084,2.942333,11,low,4200
../input_graphs/mc_er_inputs/er_1600_32.in,11490,6,1600,51200,123.171795,0.564311,11,low,4200
../input_graphs/mc_er_inputs/er_1600_32.in,20534,8,1600,51200,89.795867,3.321807,8,low,4200
../input_graphs/mc_er_inputs/er_1600_32.in,5920,8,1600,51200,89.425585,2.235167,8,low,4200
../input_graphs/mc_er_inputs/er_1600_32.in,25941,8,1600,51200,89.344200,1.418096,8,low,4200
../input_graphs/mc_er_inputs/er_1600_32.in,26150,8,1600,51200,89.309720,2.792980,8,low,4200
../input_graphs/mc_er_inputs/er_1600_32.in,29437,8,1600,51200,91.056865,5.796844,8,low,4200
../input_graphs/mc_er_inputs/er_1600_32.in,22262,10,1600,51200,80.076609,3.533485,7,low,4200
../input_graphs/mc_er_inputs/er_1600_32.in,23370,10,1600,51200,83.192733,6.676066,7,low,4200
../input_graphs/mc_er_inputs/er_1600_32.in,2712,10,1600,51200,80.681994,3.579097,7,low,4200
../input_graphs/mc_er_inputs/er_1600_32.in,10409,10,1600,51200,79.186115,2.611996,7,low,4200
../input_graphs/mc_er_inputs/er_1600_32.in,5116,10,1600,51200,81.922543,3.985343,7,low,4200
../input_graphs/mc_er_inputs/er_1600_32.in,10608,12,1600,51200,70.606721,5.796492,6,low,4200
../input_graphs/mc_er_inputs/er_1600_32.in,2969,12,1600,51200,68.609496,2.140954,6,low,4200
../input_graphs/mc_er_inputs/er_1600_32.in,10638,12,1600,51200,69.412087,3.913792,6,low,4200
../input_graphs/mc_er_inputs/er_1600_32.in,11342,12,1600,51200,70.223546,6.356492,6,low,4200
../input_graphs/mc_er_inputs/er_1600_32.in,22226,12,1600,51200,72.192295,5.481214,6,low,4200
../input_graphs/mc_er_inputs/er_1600_32.in,5748,16,1600,51200,56.774478,12.614105,4,low,4200
../input_graphs/mc_er_inputs/er_1600_32.in,11044,16,1600,51200,49.688680,7.224793,4,low,4200
../input_graphs/mc_er_inputs/er_1600_32.in,20203,16,1600,51200,57.385770,13.798999,4,low,4200
../input_graphs/mc_er_inputs/er_1600_32.in,10427,16,1600,51200,53.509226,11.029090,4,low,4200
../input_graphs/mc_er_inputs/er_1600_32.in,8647,16,1600,51200,62.787033,19.630370,4,low,4200
../input_graphs/mc_er_inputs/er_1600_32.in,4464,20,1600,51200,99.994243,56.176409,4,low,4200
../input_graphs/mc_er_inputs/er_1600_32.in,29301,20,1600,51200,103.813185,59.936419,4,low,4200
../input_graphs/mc_er_inputs/er_1600_32.in,31110,20,1600,51200,101.289367,57.718874,4,low,4200
../input_graphs/mc_er_inputs/er_1600_32.in,28628,20,1600,51200,98.990891,56.765671,4,low,4200
../input_graphs/mc_er_inputs/er_1600_32.in,1194,20,1600,51200,100.521484,56.230343,4,low,4200
