../input_graphs/mc_er_inputs/er_3200_32.in,25856,3,3200,102400,370.967712,1.320001,49,low,3400
../input_graphs/mc_er_inputs/er_3200_32.in,31238,3,3200,102400,368.583171,6.277673,49,low,3400
../input_graphs/mc_er_inputs/er_3200_32.in,13134,3,3200,102400,365.767010,10.273721,49,low,3400
../input_graphs/mc_er_inputs/er_3200_32.in,29488,3,3200,102400,365.480727,0.082364,49,low,3400
../input_graphs/mc_er_inputs/er_3200_32.in,22424,3,3200,102400,367.237989,2.569383,49,low,3400
../input_graphs/mc_er_inputs/er_3200_32.in,16675,4,3200,102400,275.750823,2.913335,37,low,3400
../input_graphs/mc_er_inputs/er_3200_32.in,820,4,3200,102400,274.848163,10.193410,37,low,3400
../input_graphs/mc_er_inputs/er_3200_32.in,29200,4,3200,102400,274.068364,1.857459,37,low,3400
../input_graphs/mc_er_inputs/er_3200_32.in,5658,4,3200,102400,276.556877,6.610571,37,low,3400
../input_graphs/mc_er_inputs/er_3200_32.in,2980,4,3200,102400,276.306124,0.420617,37,low,3400
../input_graphs/mc_er_inputs/er_3200_32.in,25365,5,3200,102400,220.162491,0.119821,29,low,3400
../input_graphs/mc_er_inputs/er_3200_32.in,13910,5,3200,102400,220.586412,11.158423,29,low,3400
../input_graphs/mc_er_inputs/er_3200_32.in,31626,5,3200,102400,228.109641,13.517942,29,low,3400
../input_graphs/mc_er_inputs/er_3200_32.in,8789,5,3200,102400,219.849325,0.832773,29,low,3400
../input_graphs/mc_er_inputs/er_3200_32.in,10175,5,3200,102400,217.481201,1.765113,29,low,3400
../input_graphs/mc_er_inputs/er_3200_32.in,30665,6,3200,102400,185.534715,0.432769,25,low,3400
../input_graphs/mc_er_inputs/er_3200_32.in,27223,6,3200,102400,186.326387,5.519342,25,low,3400
../input_graphs/mc_er_inputs/er_3200_32.in,4586,6,3200,102400,185.327732,1.251654,25,low,3400
../input_graphs/mc_er_inputs/er_3200_32.in,21986,6,3200,102400,188.115182,5.538772,25,low,3400
../input_graphs/mc_er_inputs/er_3200_32.in,4773,6,3200,102400,188.048258,0.118262,25,low,3400
../input_graphs/mc_er_inputs/er_3200_32.in,15112,8,3200,102400,142.919847,6.442546,19,low,3400
../input_graphs/mc_er_inputs/er_3200_32.in,16782,8,3200,102400,144.038471,16.038303,19,low,3400
../input_graphs/mc_er_inputs/er_3200_32.in,3584,8,3200,102400,147.661045,7.554054,19,low,3400
../input_graphs/mc_er_inputs/er_3200_32.in,18628,8,3200,102400,144.150398,1.027067,19,low,3400
../input_graphs/mc_er_inputs/er_3200_32.in,20417,8,3200,102400,156.708417,18.689437,19,low,3400
../input_graphs/mc_er_inputs/er_3200_32.in,7594,10,3200,102400,119.914313,9.310750,15,low,3400
../input_graphs/mc_er_inputs/er_3200_32.in,15948,10,3200,102400,118.796994,6.956825,15,low,3400
../input_graphs/mc_er_inputs/er_3200_32.in,9947,10,3200,102400,118.520808,10.424456,15,low,3400
../input_graphs/mc_er_inputs/er_3200_32.in,5948,10,3200,102400,119.950212,11.438785,15,low,3400
../input_graphs/mc_er_inputs/er_3200_32.in,5331,10,3200,102400,115.976744,7.594245,15,low,3400
../input_graphs/mc_er_inputs/er_3200_32.in,18425,12,3200,102400,100.617288,5.697602,13,low,3400
../input_graphs/mc_er_inputs/er_3200_32.in,26697,12,3200,102400,100.064621,5.516187,13,low,3400
../input_graphs/mc_er_inputs/er_3200_32.in,8840,12,3200,102400,101.189648,7.701858,13,low,3400
../input_graphs/mc_er_inputs/er_3200_32.in,14101,12,3200,102400,100.934452,7.137718,13,low,3400
../input_graphs/mc_er_inputs/er_3200_32.in,23869,12,3200,102400,101.011759,9.879901,13,low,3400
../input_graphs/mc_er_inputs/er_3200_32.in,3288,16,3200,102400,94.931543,23.694127,10,low,3400
../input_graphs/mc_er_inputs/er_3200_32.in,19466,16,3200,102400,85.926217,10.706260,10,low,3400
../input_graphs/mc_er_inputs/er_3200_32.in,14494,16,3200,102400,89.537823,15.706568,10,low,3400
../input_graphs/mc_er_inputs/er_3200_32.in,5296,16,3200,102400,85.762043,14.167289,10,low,3400
../input_graphs/mc_er_inputs/er_3200_32.in,23851,16,3200,102400,93.158679,18.061333,10,low,3400
../input_graphs/mc_er_inputs/er_3200_32.in,25055,20,3200,102400,135.464783,75.985648,8,low,3400
../input_graphs/mc_er_inputs/er_3200_32.in,2811,20,3200,102400,134.510708,75.475877,8,low,3400
../input_graphs/mc_er_inputs/er_3200_32.in,28040,20,3200,102400,135.664968,76.437608,8,low,3400
../input_graphs/mc_er_inputs/er_3200_32.in,1917,20,3200,102400,135.983501,78.627309,8,low,3400
../input_graphs/mc_er_inputs/er_3200_32.in,21787,20,3200,102400,137.693468,76.591009,8,low,3400
