../input_graphs/mc_rmat_inputs//rmat_1600_640000.in,28579,3,1600,640000,4370.187102,0.576533,3,low,11
../input_graphs/mc_rmat_inputs//rmat_1600_640000.in,27207,3,1600,640000,4422.386608,48.765400,3,low,11
../input_graphs/mc_rmat_inputs//rmat_1600_640000.in,1871,3,1600,640000,4122.173920,632.432283,3,low,11
../input_graphs/mc_rmat_inputs//rmat_1600_640000.in,28290,3,1600,640000,4104.465660,0.564749,3,low,11
../input_graphs/mc_rmat_inputs//rmat_1600_640000.in,20141,3,1600,640000,4116.609677,0.564047,3,low,11
../input_graphs/mc_rmat_inputs//rmat_1600_640000.in,17362,4,1600,640000,2919.044988,471.536147,2,low,11
../input_graphs/mc_rmat_inputs//rmat_1600_640000.in,11839,4,1600,640000,2630.866824,459.976444,2,low,11
../input_graphs/mc_rmat_inputs//rmat_1600_640000.in,24729,4,1600,640000,2640.625270,12.535923,2,low,11
../input_graphs/mc_rmat_inputs//rmat_1600_640000.in,3670,4,1600,640000,2917.527104,89.326199,2,low,11
../input_graphs/mc_rmat_inputs//rmat_1600_640000.in,26017,4,1600,640000,2915.015591,0.567521,2,low,11
../input_graphs/mc_rmat_inputs//rmat_1600_640000.in,18531,5,1600,640000,2944.292186,701.777926,2,low,11
../input_graphs/mc_rmat_inputs//rmat_1600_640000.in,31647,5,1600,640000,2950.608381,601.816129,2,low,11
../input_graphs/mc_rmat_inputs//rmat_1600_640000.in,10780,5,1600,640000,2941.072156,372.252366,2,low,11
../input_graphs/mc_rmat_inputs//rmat_1600_640000.in,14984,5,1600,640000,2913.475755,201.503144,2,low,11
../input_graphs/mc_rmat_inputs//rmat_1600_640000.in,24849,5,1600,640000,2943.758633,660.918095,2,low,11
../input_graphs/mc_rmat_inputs//rmat_1600_640000.in,12629,6,1600,640000,2928.467463,263.135326,2,low,11
../input_graphs/mc_rmat_inputs//rmat_1600_640000.in,919,6,1600,640000,2948.758627,450.442107,2,low,11
../input_graphs/mc_rmat_inputs//rmat_1600_640000.in,22358,6,1600,640000,2919.989269,595.129228,2,low,11
../input_graphs/mc_rmat_inputs//rmat_1600_640000.in,26094,6,1600,640000,2917.402775,436.327490,2,low,11
../input_graphs/mc_rmat_inputs//rmat_1600_640000.in,7926,6,1600,640000,2641.717615,397.674123,2,low,11
../input_graphs/mc_rmat_inputs//rmat_1600_640000.in,12617,8,1600,640000,1459.483775,274.423356,1,low,11
../input_graphs/mc_rmat_inputs//rmat_1600_640000.in,21923,8,1600,640000,1477.235052,468.260288,1,low,11
../input_graphs/mc_rmat_inputs//rmat_1600_640000.in,25642,8,1600,640000,1473.568038,312.759407,1,low,11
../input_graphs/mc_rmat_inputs//rmat_1600_640000.in,5256,8,1600,640000,1474.903916,134.486527,1,low,11
../input_graphs/mc_rmat_inputs//rmat_1600_640000.in,31606,8,1600,640000,1478.008286,24.405709,1,low,11
../input_graphs/mc_rmat_inputs//rmat_1600_640000.in,4725,10,1600,640000,1474.563537,754.232517,1,low,11
../input_graphs/mc_rmat_inputs//rmat_1600_640000.in,30199,10,1600,640000,1467.596766,888.645380,1,low,11
../input_graphs/mc_rmat_inputs//rmat_1600_640000.in,16855,10,1600,640000,1475.173824,736.661770,1,low,11
../input_graphs/mc_rmat_inputs//rmat_1600_640000.in,3618,10,1600,640000,1475.207812,898.095983,1,low,11
../input_graphs/mc_rmat_inputs//rmat_1600_640000.in,5326,10,1600,640000,1477.617237,866.883415,1,low,11
../input_graphs/mc_rmat_inputs//rmat_1600_640000.in,28988,12,1600,640000,1480.072333,734.325231,1,low,11
../input_graphs/mc_rmat_inputs//rmat_1600_640000.in,8687,12,1600,640000,1475.633162,881.998605,1,low,11
../input_graphs/mc_rmat_inputs//rmat_1600_640000.in,32718,12,1600,640000,1478.536452,761.109324,1,low,11
../input_graphs/mc_rmat_inputs//rmat_1600_640000.in,20516,12,1600,640000,1476.927814,721.059026,1,low,11
../input_graphs/mc_rmat_inputs//rmat_1600_640000.in,30882,12,1600,640000,1477.585266,745.122052,1,low,11
../input_graphs/mc_rmat_inputs//rmat_1600_640000.in,23530,16,1600,640000,329.658745,168.415629,1,high,11
../input_graphs/mc_rmat_inputs//rmat_1600_640000.in,1026,16,1600,640000,329.928254,155.517053,1,high,11
../input_graphs/mc_rmat_inputs//rmat_1600_640000.in,24290,16,1600,640000,329.305100,158.801863,1,high,11
../input_graphs/mc_rmat_inputs//rmat_1600_640000.in,25071,16,1600,640000,329.921499,170.998238,1,high,11
../input_graphs/mc_rmat_inputs//rmat_1600_640000.in,16667,16,1600,640000,329.324796,160.260802,1,high,11
../input_graphs/mc_rmat_inputs//rmat_1600_640000.in,21785,20,1600,640000,327.600959,104.924278,1,high,11
../input_graphs/mc_rmat_inputs//rmat_1600_640000.in,2777,20,1600,640000,327.346850,130.295739,1,high,11
../input_graphs/mc_rmat_inputs//rmat_1600_640000.in,11730,20,1600,640000,326.976000,135.982807,1,high,11
../input_graphs/mc_rmat_inputs//rmat_1600_640000.in,25036,20,1600,640000,327.089066,154.089657,1,high,11
../input_graphs/mc_rmat_inputs//rmat_1600_640000.in,20377,20,1600,640000,327.325189,138.512637,1,high,11
