../input_graphs/mc_rmat_inputs/rmat_1600_640000.in,32253,3,1600,640000,4071.391536,0.581116,3,low,11
../input_graphs/mc_rmat_inputs/rmat_1600_640000.in,4326,3,1600,640000,4414.362144,357.139269,3,low,11
../input_graphs/mc_rmat_inputs/rmat_1600_640000.in,27898,3,1600,640000,4074.914534,0.562155,3,low,11
../input_graphs/mc_rmat_inputs/rmat_1600_640000.in,5638,3,1600,640000,4128.082716,348.959533,3,low,11
../input_graphs/mc_rmat_inputs/rmat_1600_640000.in,1866,3,1600,640000,4138.577401,55.751218,3,low,11
../input_graphs/mc_rmat_inputs/rmat_1600_640000.in,15216,4,1600,640000,2929.009194,302.052706,2,low,11
../input_graphs/mc_rmat_inputs/rmat_1600_640000.in,23955,4,1600,640000,2649.565340,127.569010,2,low,11
../input_graphs/mc_rmat_inputs/rmat_1600_640000.in,3187,4,1600,640000,2919.661704,0.562913,2,low,11
../input_graphs/mc_rmat_inputs/rmat_1600_640000.in,23341,4,1600,640000,2917.729423,593.901672,2,low,11
../input_graphs/mc_rmat_inputs/rmat_1600_640000.in,6937,4,1600,640000,2928.365117,307.598578,2,low,11
../input_graphs/mc_rmat_inputs/rmat_1600_640000.in,6865,5,1600,640000,2927.819538,6.502846,2,low,11
../input_graphs/mc_rmat_inputs/rmat_1600_640000.in,11433,5,1600,640000,2936.307979,140.728947,2,low,11
../input_graphs/mc_rmat_inputs/rmat_1600_640000.in,6568,5,1600,640000,2914.345071,280.355926,2,low,11
../input_graphs/mc_rmat_inputs/rmat_1600_640000.in,9057,5,1600,640000,2938.700260,44.024067,2,low,11
../input_graphs/mc_rmat_inputs/rmat_1600_640000.in,23582,5,1600,640000,2920.809134,299.445132,2,low,11
../input_graphs/mc_rmat_inputs/rmat_1600_640000.in,23461,6,1600,640000,2930.652944,6.034931,2,low,11
../input_graphs/mc_rmat_inputs/rmat_1600_640000.in,20186,6,1600,640000,2931.995219,307.777708,2,low,11
../input_graphs/mc_rmat_inputs/rmat_1600_640000.in,2319,6,1600,640000,2922.994006,0.831739,2,low,11
../input_graphs/mc_rmat_inputs/rmat_1600_640000.in,24338,6,1600,640000,2934.609010,0.836552,2,low,11
../input_graphs/mc_rmat_inputs/rmat_1600_640000.in,8117,6,1600,640000,2954.294846,117.773320,2,low,11
../input_graphs/mc_rmat_inputs/rmat_1600_640000.in,12621,8,1600,640000,1474.814349,13.961382,1,low,11
../input_graphs/mc_rmat_inputs/rmat_1600_640000.in,27349,8,1600,640000,1457.566044,281.321456,1,low,11
../input_graphs/mc_rmat_inputs/rmat_1600_640000.in,22384,8,1600,640000,1475.304136,2.382052,1,low,11
../input_graphs/mc_rmat_inputs/rmat_1600_640000.in,13758,8,1600,640000,1461.215230,123.974641,1,low,11
../input_graphs/mc_rmat_inputs/rmat_1600_640000.in,27263,8,1600,640000,1472.069016,286.219888,1,low,11
../input_graphs/mc_rmat_inputs/rmat_1600_640000.in,14323,10,1600,640000,1458.507182,282.589783,1,low,11
../input_graphs/mc_rmat_inputs/rmat_1600_640000.in,19180,10,1600,640000,1478.595849,146.970324,1,low,11
../input_graphs/mc_rmat_inputs/rmat_1600_640000.in,29517,10,1600,640000,1478.403422,12.843889,1,low,11
../input_graphs/mc_rmat_inputs/rmat_1600_640000.in,465,10,1600,640000,1475.565414,148.603924,1,low,11
../input_graphs/mc_rmat_inputs/rmat_1600_640000.in,16905,10,1600,640000,1473.634352,157.524998,1,low,11
../input_graphs/mc_rmat_inputs/rmat_1600_640000.in,6980,12,1600,640000,1474.830920,607.199415,1,low,11
../input_graphs/mc_rmat_inputs/rmat_1600_640000.in,14433,12,1600,640000,1475.797368,316.426070,1,low,11
../input_graphs/mc_rmat_inputs/rmat_1600_640000.in,2191,12,1600,640000,1475.548936,599.697566,1,low,11
../input_graphs/mc_rmat_inputs/rmat_1600_640000.in,7545,12,1600,640000,1477.547327,137.091477,1,low,11
../input_graphs/mc_rmat_inputs/rmat_1600_640000.in,4887,12,1600,640000,1474.866418,140.736125,1,low,11
../input_graphs/mc_rmat_inputs/rmat_1600_640000.in,23360,16,1600,640000,329.859680,171.026623,1,high,11
../input_graphs/mc_rmat_inputs/rmat_1600_640000.in,21755,16,1600,640000,329.221374,183.096681,1,high,11
../input_graphs/mc_rmat_inputs/rmat_1600_640000.in,25864,16,1600,640000,329.801537,176.208750,1,high,11
../input_graphs/mc_rmat_inputs/rmat_1600_640000.in,29562,16,1600,640000,329.629823,173.402947,1,high,11
../input_graphs/mc_rmat_inputs/rmat_1600_640000.in,22623,16,1600,640000,329.925329,178.747178,1,high,11
../input_graphs/mc_rmat_inputs/rmat_1600_640000.in,26649,20,1600,640000,327.242723,158.187905,1,high,11
../input_graphs/mc_rmat_inputs/rmat_1600_640000.in,29374,20,1600,640000,326.429522,161.655650,1,high,11
../input_graphs/mc_rmat_inputs/rmat_1600_640000.in,9671,20,1600,640000,327.076083,137.715412,1,high,11
../input_graphs/mc_rmat_inputs/rmat_1600_640000.in,25773,20,1600,640000,326.808981,164.254327,1,high,11
../input_graphs/mc_rmat_inputs/rmat_1600_640000.in,13867,20,1600,640000,326.659373,167.698739,1,high,11
