../input_graphs/mc_ws_inputs/ws_2400_48.in,7893,3,2400,57600,194.774094,4.456796,43,low,3800
../input_graphs/mc_ws_inputs/ws_2400_48.in,20855,3,2400,57600,189.244850,0.039514,43,low,3800
../input_graphs/mc_ws_inputs/ws_2400_48.in,29772,3,2400,57600,165.519168,16.687950,43,low,3800
../input_graphs/mc_ws_inputs/ws_2400_48.in,25222,3,2400,57600,163.430905,3.499791,43,low,3800
../input_graphs/mc_ws_inputs/ws_2400_48.in,25814,3,2400,57600,170.666605,1.778543,43,low,3800
../input_graphs/mc_ws_inputs/ws_2400_48.in,11652,4,2400,57600,145.925792,23.459553,32,low,3800
../input_graphs/mc_ws_inputs/ws_2400_48.in,21901,4,2400,57600,130.399495,16.488768,32,low,3800
../input_graphs/mc_ws_inputs/ws_2400_48.in,13367,4,2400,57600,127.358271,6.288976,32,low,3800
../input_graphs/mc_ws_inputs/ws_2400_48.in,2793,4,2400,57600,134.248449,1.660978,32,low,3800
../input_graphs/mc_ws_inputs/ws_2400_48.in,28096,4,2400,57600,123.777181,14.843305,32,low,3800
../input_graphs/mc_ws_inputs/ws_2400_48.in,26279,5,2400,57600,122.736583,8.490175,26,low,3800
../input_graphs/mc_ws_inputs/ws_2400_48.in,58,5,2400,57600,105.715915,0.061350,26,low,3800
../input_graphs/mc_ws_inputs/ws_2400_48.in,26271,5,2400,57600,111.385487,14.889260,26,low,3800
../input_graphs/mc_ws_inputs/ws_2400_48.in,28723,5,2400,57600,110.086313,9.566032,26,low,3800
../input_graphs/mc_ws_inputs/ws_2400_48.in,17989,5,2400,57600,115.677679,21.727917,26,low,3800
../input_graphs/mc_ws_inputs/ws_2400_48.in,28419,6,2400,57600,101.085933,19.151323,22,low,3800
../input_graphs/mc_ws_inputs/ws_2400_48.in,21330,6,2400,57600,109.924537,36.256717,22,low,3800
../input_graphs/mc_ws_inputs/ws_2400_48.in,19140,6,2400,57600,89.495106,7.886046,22,low,3800
../input_graphs/mc_ws_inputs/ws_2400_48.in,14858,6,2400,57600,107.531486,21.309979,22,low,3800
../input_graphs/mc_ws_inputs/ws_2400_48.in,27438,6,2400,57600,98.389639,7.950501,22,low,3800
../input_graphs/mc_ws_inputs/ws_2400_48.in,21293,8,2400,57600,66.810637,0.102775,16,low,3800
../input_graphs/mc_ws_inputs/ws_2400_48.in,16214,8,2400,57600,70.958003,12.479180,16,low,3800
../input_graphs/mc_ws_inputs/ws_2400_48.in,12166,8,2400,57600,70.587174,17.770168,16,low,3800
../input_graphs/mc_ws_inputs/ws_2400_48.in,12608,8,2400,57600,74.262058,12.415793,16,low,3800
../input_graphs/mc_ws_inputs/ws_2400_48.in,6414,8,2400,57600,83.486544,13.580576,16,low,3800
../input_graphs/mc_ws_inputs/ws_2400_48.in,28197,10,2400,57600,69.936819,25.659270,13,low,3800
../input_graphs/mc_ws_inputs/ws_2400_48.in,19071,10,2400,57600,57.633094,3.293346,13,low,3800
../input_graphs/mc_ws_inputs/ws_2400_48.in,25142,10,2400,57600,62.298393,10.049597,13,low,3800
../input_graphs/mc_ws_inputs/ws_2400_48.in,29723,10,2400,57600,65.774900,21.001156,13,low,3800
../input_graphs/mc_ws_inputs/ws_2400_48.in,20920,10,2400,57600,62.706266,14.006441,13,low,3800
../input_graphs/mc_ws_inputs/ws_2400_48.in,8851,12,2400,57600,55.633031,8.169564,11,low,3800
../input_graphs/mc_ws_inputs/ws_2400_48.in,2722,12,2400,57600,52.163718,13.173097,11,low,3800
../input_graphs/mc_ws_inputs/ws_2400_48.in,12948,12,2400,57600,57.291849,13.422425,11,low,3800
../input_graphs/mc_ws_inputs/ws_2400_48.in,13133,12,2400,57600,59.562340,20.915313,11,low,3800
../input_graphs/mc_ws_inputs/ws_2400_48.in,11999,12,2400,57600,57.302452,21.722467,11,low,3800
../input_graphs/mc_ws_inputs/ws_2400_48.in,23007,16,2400,57600,42.374932,11.795277,8,low,3800
../input_graphs/mc_ws_inputs/ws_2400_48.in,19470,16,2400,57600,42.017058,15.880632,8,low,3800
../input_graphs/mc_ws_inputs/ws_2400_48.in,19523,16,2400,57600,49.854765,18.462876,8,low,3800
../input_graphs/mc_ws_inputs/ws_2400_48.in,23095,16,2400,57600,49.456609,24.191062,8,low,3800
../input_graphs/mc_ws_inputs/ws_2400_48.in,26920,16,2400,57600,47.544003,15.978523,8,low,3800
../input_graphs/mc_ws_inputs/ws_2400_48.in,18316,20,2400,57600,73.572647,45.269523,7,low,3800
../input_graphs/mc_ws_inputs/ws_2400_48.in,23610,20,2400,57600,73.796728,45.960230,7,low,3800
../input_graphs/mc_ws_inputs/ws_2400_48.in,280,20,2400,57600,91.398430,62.344979,7,low,3800
../input_graphs/mc_ws_inputs/ws_2400_48.in,23396,20,2400,57600,73.457703,53.903614,7,low,3800
../input_graphs/mc_ws_inputs/ws_2400_48.in,1435,20,2400,57600,73.040865,49.578494,7,low,3800
