../input_graphs/mc_ws_inputs/ws_3200_64.in,21565,3,3200,102400,332.156413,2.666256,49,low,5000
../input_graphs/mc_ws_inputs/ws_3200_64.in,1882,3,3200,102400,335.693424,3.344116,49,low,5000
../input_graphs/mc_ws_inputs/ws_3200_64.in,22760,3,3200,102400,334.691110,6.248312,49,low,5000
../input_graphs/mc_ws_inputs/ws_3200_64.in,8640,3,3200,102400,336.275748,0.876815,49,low,5000
../input_graphs/mc_ws_inputs/ws_3200_64.in,30176,3,3200,102400,337.769748,0.087833,49,low,5000
../input_graphs/mc_ws_inputs/ws_3200_64.in,18579,4,3200,102400,252.989845,2.707023,37,low,5000
../input_graphs/mc_ws_inputs/ws_3200_64.in,27422,4,3200,102400,252.504412,0.968900,37,low,5000
../input_graphs/mc_ws_inputs/ws_3200_64.in,11361,4,3200,102400,251.451658,1.667149,37,low,5000
../input_graphs/mc_ws_inputs/ws_3200_64.in,19938,4,3200,102400,253.846395,1.874620,37,low,5000
../input_graphs/mc_ws_inputs/ws_3200_64.in,13079,4,3200,102400,251.664301,9.696401,37,low,5000
../input_graphs/mc_ws_inputs/ws_3200_64.in,11844,5,3200,102400,198.508240,6.870579,29,low,5000
../input_graphs/mc_ws_inputs/ws_3200_64.in,6386,5,3200,102400,201.074855,11.057867,29,low,5000
../input_graphs/mc_ws_inputs/ws_3200_64.in,17762,5,3200,102400,200.542181,6.847169,29,low,5000
../input_graphs/mc_ws_inputs/ws_3200_64.in,16010,5,3200,102400,203.913080,6.325207,29,low,5000
../input_graphs/mc_ws_inputs/ws_3200_64.in,244,5,3200,102400,199.316205,1.289388,29,low,5000
../input_graphs/mc_ws_inputs/ws_3200_64.in,17311,6,3200,102400,172.608684,3.427827,25,low,5000
../input_graphs/mc_ws_inputs/ws_3200_64.in,1691,6,3200,102400,174.400745,1.500327,25,low,5000
../input_graphs/mc_ws_inputs/ws_3200_64.in,19407,6,3200,102400,180.547028,10.211036,25,low,5000
../input_graphs/mc_ws_inputs/ws_3200_64.in,11342,6,3200,102400,180.739809,10.727448,25,low,5000
../input_graphs/mc_ws_inputs/ws_3200_64.in,18691,6,3200,102400,173.835625,5.199550,25,low,5000
../input_graphs/mc_ws_inputs/ws_3200_64.in,26066,8,3200,102400,133.768255,2.604431,19,low,5000
../input_graphs/mc_ws_inputs/ws_3200_64.in,18417,8,3200,102400,134.583059,1.975561,19,low,5000
../input_graphs/mc_ws_inputs/ws_3200_64.in,21817,8,3200,102400,132.190118,1.013601,19,low,5000
../input_graphs/mc_ws_inputs/ws_3200_64.in,19303,8,3200,102400,132.287228,5.737401,19,low,5000
../input_graphs/mc_ws_inputs/ws_3200_64.in,22693,8,3200,102400,134.064392,4.178414,19,low,5000
../input_graphs/mc_ws_inputs/ws_3200_64.in,18978,10,3200,102400,105.962723,6.129862,15,low,5000
../input_graphs/mc_ws_inputs/ws_3200_64.in,2137,10,3200,102400,109.103174,7.510475,15,low,5000
../input_graphs/mc_ws_inputs/ws_3200_64.in,5543,10,3200,102400,105.885246,6.019072,15,low,5000
../input_graphs/mc_ws_inputs/ws_3200_64.in,6469,10,3200,102400,111.245288,12.228735,15,low,5000
../input_graphs/mc_ws_inputs/ws_3200_64.in,2516,10,3200,102400,106.965499,3.249474,15,low,5000
../input_graphs/mc_ws_inputs/ws_3200_64.in,26100,12,3200,102400,97.927422,9.941697,13,low,5000
../input_graphs/mc_ws_inputs/ws_3200_64.in,9873,12,3200,102400,97.334665,7.042819,13,low,5000
../input_graphs/mc_ws_inputs/ws_3200_64.in,11402,12,3200,102400,94.151130,3.059877,13,low,5000
../input_graphs/mc_ws_inputs/ws_3200_64.in,12057,12,3200,102400,92.237763,5.952909,13,low,5000
../input_graphs/mc_ws_inputs/ws_3200_64.in,17701,12,3200,102400,92.543649,7.006723,13,low,5000
../input_graphs/mc_ws_inputs/ws_3200_64.in,10887,16,3200,102400,90.329290,24.061170,10,low,5000
../input_graphs/mc_ws_inputs/ws_3200_64.in,5764,16,3200,102400,92.429522,24.510459,10,low,5000
../input_graphs/mc_ws_inputs/ws_3200_64.in,17803,16,3200,102400,98.449962,30.050718,10,low,5000
../input_graphs/mc_ws_inputs/ws_3200_64.in,21087,16,3200,102400,89.804451,25.945809,10,low,5000
../input_graphs/mc_ws_inputs/ws_3200_64.in,32426,16,3200,102400,89.236600,21.247825,10,low,5000
../input_graphs/mc_ws_inputs/ws_3200_64.in,21271,20,3200,102400,125.452485,70.561316,8,low,5000
../input_graphs/mc_ws_inputs/ws_3200_64.in,16176,20,3200,102400,124.740714,73.805783,8,low,5000
../input_graphs/mc_ws_inputs/ws_3200_64.in,534,20,3200,102400,124.929121,70.508717,8,low,5000
../input_graphs/mc_ws_inputs/ws_3200_64.in,8271,20,3200,102400,126.482883,72.547488,8,low,5000
../input_graphs/mc_ws_inputs/ws_3200_64.in,23609,20,3200,102400,125.446433,70.299110,8,low,5000
