../input_graphs/mc_ws_inputs/ws_1200_24.in,8510,3,1200,14400,74.787925,2.498465,32,low,1700
../input_graphs/mc_ws_inputs/ws_1200_24.in,5682,3,1200,14400,75.448947,1.415856,32,low,1700
../input_graphs/mc_ws_inputs/ws_1200_24.in,22083,3,1200,14400,73.901936,2.887650,32,low,1700
../input_graphs/mc_ws_inputs/ws_1200_24.in,29135,3,1200,14400,73.386979,0.002349,32,low,1700
../input_graphs/mc_ws_inputs/ws_1200_24.in,23808,3,1200,14400,75.974502,3.579623,32,low,1700
../input_graphs/mc_ws_inputs/ws_1200_24.in,16770,4,1200,14400,57.337306,0.856947,24,low,1700
../input_graphs/mc_ws_inputs/ws_1200_24.in,27893,4,1200,14400,55.194563,0.732442,24,low,1700
../input_graphs/mc_ws_inputs/ws_1200_24.in,21779,4,1200,14400,56.160711,0.760639,24,low,1700
../input_graphs/mc_ws_inputs/ws_1200_24.in,23505,4,1200,14400,58.734993,3.782724,24,low,1700
../input_graphs/mc_ws_inputs/ws_1200_24.in,3933,4,1200,14400,57.681633,4.249790,24,low,1700
../input_graphs/mc_ws_inputs/ws_1200_24.in,15876,5,1200,14400,45.621146,2.029325,19,low,1700
../input_graphs/mc_ws_inputs/ws_1200_24.in,2103,5,1200,14400,44.367843,0.673963,19,low,1700
../input_graphs/mc_ws_inputs/ws_1200_24.in,4269,5,1200,14400,45.080475,0.212903,19,low,1700
../input_graphs/mc_ws_inputs/ws_1200_24.in,31571,5,1200,14400,44.589853,1.036829,19,low,1700
../input_graphs/mc_ws_inputs/ws_1200_24.in,5694,5,1200,14400,45.351771,2.268652,19,low,1700
../input_graphs/mc_ws_inputs/ws_1200_24.in,256,6,1200,14400,38.998997,1.605790,16,low,1700
../input_graphs/mc_ws_inputs/ws_1200_24.in,13797,6,1200,14400,40.751074,4.032462,16,low,1700
../input_graphs/mc_ws_inputs/ws_1200_24.in,3729,6,1200,14400,39.887794,3.400070,16,low,1700
../input_graphs/mc_ws_inputs/ws_1200_24.in,2082,6,1200,14400,41.251362,0.004763,16,low,1700
../input_graphs/mc_ws_inputs/ws_1200_24.in,12336,6,1200,14400,39.056472,3.288131,16,low,1700
../input_graphs/mc_ws_inputs/ws_1200_24.in,10949,8,1200,14400,30.737973,4.005604,12,low,1700
../input_graphs/mc_ws_inputs/ws_1200_24.in,30317,8,1200,14400,28.873969,0.775190,12,low,1700
../input_graphs/mc_ws_inputs/ws_1200_24.in,10990,8,1200,14400,30.184050,2.906665,12,low,1700
../input_graphs/mc_ws_inputs/ws_1200_24.in,2154,8,1200,14400,28.639605,1.636906,12,low,1700
../input_graphs/mc_ws_inputs/ws_1200_24.in,815,8,1200,14400,31.777506,5.107094,12,low,1700
../input_graphs/mc_ws_inputs/ws_1200_24.in,11849,10,1200,14400,24.198309,1.771322,10,low,1700
../input_graphs/mc_ws_inputs/ws_1200_24.in,20755,10,1200,14400,28.045127,5.178088,10,low,1700
../input_graphs/mc_ws_inputs/ws_1200_24.in,14038,10,1200,14400,23.675716,1.625874,10,low,1700
../input_graphs/mc_ws_inputs/ws_1200_24.in,7106,10,1200,14400,25.845529,3.856818,10,low,1700
../input_graphs/mc_ws_inputs/ws_1200_24.in,30222,10,1200,14400,23.682284,1.060833,10,low,1700
../input_graphs/mc_ws_inputs/ws_1200_24.in,15738,12,1200,14400,23.153628,5.063304,8,low,1700
../input_graphs/mc_ws_inputs/ws_1200_24.in,8522,12,1200,14400,20.590488,2.398990,8,low,1700
../input_graphs/mc_ws_inputs/ws_1200_24.in,16992,12,1200,14400,19.881270,2.269929,8,low,1700
../input_graphs/mc_ws_inputs/ws_1200_24.in,20325,12,1200,14400,21.532760,3.039396,8,low,1700
../input_graphs/mc_ws_inputs/ws_1200_24.in,11405,12,1200,14400,19.743091,2.762892,8,low,1700
../input_graphs/mc_ws_inputs/ws_1200_24.in,24069,16,1200,14400,17.056949,3.184384,6,low,1700
../input_graphs/mc_ws_inputs/ws_1200_24.in,7269,16,1200,14400,24.076434,11.732695,6,low,1700
../input_graphs/mc_ws_inputs/ws_1200_24.in,26933,16,1200,14400,21.989542,8.383190,6,low,1700
../input_graphs/mc_ws_inputs/ws_1200_24.in,20211,16,1200,14400,19.058446,5.605194,6,low,1700
../input_graphs/mc_ws_inputs/ws_1200_24.in,16314,16,1200,14400,18.787081,5.637232,6,low,1700
../input_graphs/mc_ws_inputs/ws_1200_24.in,29101,20,1200,14400,34.471127,22.587345,5,low,1700
../input_graphs/mc_ws_inputs/ws_1200_24.in,13204,20,1200,14400,27.934899,16.650897,5,low,1700
../input_graphs/mc_ws_inputs/ws_1200_24.in,17645,20,1200,14400,26.675119,15.177766,5,low,1700
../input_graphs/mc_ws_inputs/ws_1200_24.in,24896,20,1200,14400,26.196713,14.948731,5,low,1700
../input_graphs/mc_ws_inputs/ws_1200_24.in,26482,20,1200,14400,34.731186,23.243077,5,low,1700
