../input_graphs/mc_ws_inputs/ws_1600_32.in,12590,3,1600,25600,200.278740,0.002835,38,low,2400
../input_graphs/mc_ws_inputs/ws_1600_32.in,21301,3,1600,25600,187.672228,5.065127,38,low,2400
../input_graphs/mc_ws_inputs/ws_1600_32.in,27887,3,1600,25600,201.005548,27.151219,38,low,2400
../input_graphs/mc_ws_inputs/ws_1600_32.in,28922,3,1600,25600,186.993843,8.143737,38,low,2400
../input_graphs/mc_ws_inputs/ws_1600_32.in,12267,3,1600,25600,195.732761,17.379646,38,low,2400
../input_graphs/mc_ws_inputs/ws_1600_32.in,11893,4,1600,25600,139.663659,19.647765,28,low,2400
../input_graphs/mc_ws_inputs/ws_1600_32.in,16320,4,1600,25600,138.326889,4.401121,28,low,2400
../input_graphs/mc_ws_inputs/ws_1600_32.in,29249,4,1600,25600,142.463859,0.003207,28,low,2400
../input_graphs/mc_ws_inputs/ws_1600_32.in,11967,4,1600,25600,132.542863,4.832999,28,low,2400
../input_graphs/mc_ws_inputs/ws_1600_32.in,5075,4,1600,25600,157.057561,22.050712,28,low,2400
../input_graphs/mc_ws_inputs/ws_1600_32.in,5553,5,1600,25600,120.684361,7.379827,23,low,2400
../input_graphs/mc_ws_inputs/ws_1600_32.in,18098,5,1600,25600,123.930433,10.116316,23,low,2400
../input_graphs/mc_ws_inputs/ws_1600_32.in,30849,5,1600,25600,119.502175,5.066388,23,low,2400
../input_graphs/mc_ws_inputs/ws_1600_32.in,25586,5,1600,25600,122.077757,5.837040,23,low,2400
../input_graphs/mc_ws_inputs/ws_1600_32.in,22414,5,1600,25600,115.934837,11.913899,23,low,2400
../input_graphs/mc_ws_inputs/ws_1600_32.in,20243,6,1600,25600,108.066401,23.675218,19,low,2400
../input_graphs/mc_ws_inputs/ws_1600_32.in,2940,6,1600,25600,103.600402,11.574139,19,low,2400
../input_graphs/mc_ws_inputs/ws_1600_32.in,2562,6,1600,25600,100.986376,13.286767,19,low,2400
../input_graphs/mc_ws_inputs/ws_1600_32.in,13001,6,1600,25600,103.936502,6.636726,19,low,2400
../input_graphs/mc_ws_inputs/ws_1600_32.in,19911,6,1600,25600,95.400346,1.528271,19,low,2400
../input_graphs/mc_ws_inputs/ws_1600_32.in,18800,8,1600,25600,75.557886,7.693657,14,low,2400
../input_graphs/mc_ws_inputs/ws_1600_32.in,24591,8,1600,25600,73.888170,5.793539,14,low,2400
../input_graphs/mc_ws_inputs/ws_1600_32.in,13885,8,1600,25600,72.863611,7.474971,14,low,2400
../input_graphs/mc_ws_inputs/ws_1600_32.in,30851,8,1600,25600,73.054027,8.488421,14,low,2400
../input_graphs/mc_ws_inputs/ws_1600_32.in,5935,8,1600,25600,71.425153,11.984703,14,low,2400
../input_graphs/mc_ws_inputs/ws_1600_32.in,5308,10,1600,25600,62.917010,9.303353,12,low,2400
../input_graphs/mc_ws_inputs/ws_1600_32.in,354,10,1600,25600,68.641916,9.493398,12,low,2400
../input_graphs/mc_ws_inputs/ws_1600_32.in,27984,10,1600,25600,68.051967,19.215920,12,low,2400
../input_graphs/mc_ws_inputs/ws_1600_32.in,23815,10,1600,25600,71.224000,15.002621,12,low,2400
../input_graphs/mc_ws_inputs/ws_1600_32.in,4472,10,1600,25600,66.747860,14.313681,12,low,2400
../input_graphs/mc_ws_inputs/ws_1600_32.in,24126,12,1600,25600,58.649776,10.283187,10,low,2400
../input_graphs/mc_ws_inputs/ws_1600_32.in,22647,12,1600,25600,54.823707,13.399034,10,low,2400
../input_graphs/mc_ws_inputs/ws_1600_32.in,3434,12,1600,25600,54.829711,12.271232,10,low,2400
../input_graphs/mc_ws_inputs/ws_1600_32.in,26453,12,1600,25600,58.430787,13.233775,10,low,2400
../input_graphs/mc_ws_inputs/ws_1600_32.in,12000,12,1600,25600,58.163345,16.395456,10,low,2400
../input_graphs/mc_ws_inputs/ws_1600_32.in,3918,16,1600,25600,46.595051,18.034556,7,low,2400
../input_graphs/mc_ws_inputs/ws_1600_32.in,26863,16,1600,25600,53.001901,22.652191,7,low,2400
../input_graphs/mc_ws_inputs/ws_1600_32.in,19126,16,1600,25600,50.722538,21.168847,7,low,2400
../input_graphs/mc_ws_inputs/ws_1600_32.in,3370,16,1600,25600,49.611860,21.090919,7,low,2400
../input_graphs/mc_ws_inputs/ws_1600_32.in,20512,16,1600,25600,44.011861,12.849711,7,low,2400
../input_graphs/mc_ws_inputs/ws_1600_32.in,27589,20,1600,25600,72.911416,45.391807,6,low,2400
../input_graphs/mc_ws_inputs/ws_1600_32.in,2633,20,1600,25600,73.500364,45.967343,6,low,2400
../input_graphs/mc_ws_inputs/ws_1600_32.in,21382,20,1600,25600,80.417760,54.178120,6,low,2400
../input_graphs/mc_ws_inputs/ws_1600_32.in,12592,20,1600,25600,63.667700,36.011959,6,low,2400
../input_graphs/mc_ws_inputs/ws_1600_32.in,18444,20,1600,25600,71.797376,46.281128,6,low,2400
