../input_graphs/mc_ws_inputs/ws_4800_96.in,22040,3,4800,230400,463.539704,0.178531,54,low,8000
../input_graphs/mc_ws_inputs/ws_4800_96.in,28951,3,4800,230400,452.240331,4.961696,54,low,8000
../input_graphs/mc_ws_inputs/ws_4800_96.in,16635,3,4800,230400,455.611545,12.475988,54,low,8000
../input_graphs/mc_ws_inputs/ws_4800_96.in,12505,3,4800,230400,464.081673,0.180828,54,low,8000
../input_graphs/mc_ws_inputs/ws_4800_96.in,11481,3,4800,230400,470.171261,33.633461,54,low,8000
../input_graphs/mc_ws_inputs/ws_4800_96.in,5612,4,4800,230400,357.960467,0.178749,41,low,8000
../input_graphs/mc_ws_inputs/ws_4800_96.in,15734,4,4800,230400,361.225151,0.180704,41,low,8000
../input_graphs/mc_ws_inputs/ws_4800_96.in,18004,4,4800,230400,348.942418,23.800751,41,low,8000
../input_graphs/mc_ws_inputs/ws_4800_96.in,29805,4,4800,230400,346.180741,10.844748,41,low,8000
../input_graphs/mc_ws_inputs/ws_4800_96.in,22878,4,4800,230400,362.449617,27.586267,41,low,8000
../input_graphs/mc_ws_inputs/ws_4800_96.in,26632,5,4800,230400,280.099771,10.764211,33,low,8000
../input_graphs/mc_ws_inputs/ws_4800_96.in,6591,5,4800,230400,285.874092,23.563523,33,low,8000
../input_graphs/mc_ws_inputs/ws_4800_96.in,21483,5,4800,230400,275.385371,7.586398,33,low,8000
../input_graphs/mc_ws_inputs/ws_4800_96.in,4556,5,4800,230400,283.001220,4.698292,33,low,8000
../input_graphs/mc_ws_inputs/ws_4800_96.in,3900,5,4800,230400,276.090858,21.811858,33,low,8000
../input_graphs/mc_ws_inputs/ws_4800_96.in,21121,6,4800,230400,237.819819,15.874655,27,low,8000
../input_graphs/mc_ws_inputs/ws_4800_96.in,8446,6,4800,230400,237.871335,24.529967,27,low,8000
../input_graphs/mc_ws_inputs/ws_4800_96.in,6664,6,4800,230400,227.666789,16.321474,27,low,8000
../input_graphs/mc_ws_inputs/ws_4800_96.in,4712,6,4800,230400,232.301511,4.912195,27,low,8000
../input_graphs/mc_ws_inputs/ws_4800_96.in,5609,6,4800,230400,242.557588,30.025907,27,low,8000
../input_graphs/mc_ws_inputs/ws_4800_96.in,9118,8,4800,230400,196.566164,49.103871,21,low,8000
../input_graphs/mc_ws_inputs/ws_4800_96.in,29384,8,4800,230400,194.300121,26.950925,21,low,8000
../input_graphs/mc_ws_inputs/ws_4800_96.in,10926,8,4800,230400,178.450770,12.085579,21,low,8000
../input_graphs/mc_ws_inputs/ws_4800_96.in,13811,8,4800,230400,185.934167,23.467776,21,low,8000
../input_graphs/mc_ws_inputs/ws_4800_96.in,4909,8,4800,230400,188.065574,8.259030,21,low,8000
../input_graphs/mc_ws_inputs/ws_4800_96.in,32178,10,4800,230400,165.401133,22.086829,17,low,8000
../input_graphs/mc_ws_inputs/ws_4800_96.in,28599,10,4800,230400,159.855408,29.353480,17,low,8000
../input_graphs/mc_ws_inputs/ws_4800_96.in,27783,10,4800,230400,158.161629,24.151969,17,low,8000
../input_graphs/mc_ws_inputs/ws_4800_96.in,17435,10,4800,230400,151.720144,17.981507,17,low,8000
../input_graphs/mc_ws_inputs/ws_4800_96.in,1719,10,4800,230400,156.849702,31.116046,17,low,8000
../input_graphs/mc_ws_inputs/ws_4800_96.in,22715,12,4800,230400,133.153438,20.906517,14,low,8000
../input_graphs/mc_ws_inputs/ws_4800_96.in,28602,12,4800,230400,125.848924,17.156415,14,low,8000
../input_graphs/mc_ws_inputs/ws_4800_96.in,9919,12,4800,230400,128.854547,27.752692,14,low,8000
../input_graphs/mc_ws_inputs/ws_4800_96.in,27147,12,4800,230400,128.821306,22.570158,14,low,8000
../input_graphs/mc_ws_inputs/ws_4800_96.in,478,12,4800,230400,133.549035,23.922545,14,low,8000
../input_graphs/mc_ws_inputs/ws_4800_96.in,8157,16,4800,230400,104.147935,23.368338,11,low,8000
../input_graphs/mc_ws_inputs/ws_4800_96.in,29789,16,4800,230400,124.299235,43.355005,11,low,8000
../input_graphs/mc_ws_inputs/ws_4800_96.in,6158,16,4800,230400,118.653014,32.437393,11,low,8000
../input_graphs/mc_ws_inputs/ws_4800_96.in,28117,16,4800,230400,109.746373,29.829435,11,low,8000
../input_graphs/mc_ws_inputs/ws_4800_96.in,26839,16,4800,230400,120.513759,28.673403,11,low,8000
../input_graphs/mc_ws_inputs/ws_4800_96.in,9805,20,4800,230400,178.238264,112.674663,9,low,8000
../input_graphs/mc_ws_inputs/ws_4800_96.in,3346,20,4800,230400,190.260734,124.803069,9,low,8000
../input_graphs/mc_ws_inputs/ws_4800_96.in,20385,20,4800,230400,183.486803,113.876733,9,low,8000
../input_graphs/mc_ws_inputs/ws_4800_96.in,4215,20,4800,230400,198.268610,132.630522,9,low,8000
../input_graphs/mc_ws_inputs/ws_4800_96.in,10005,20,4800,230400,158.640588,74.015713,9,low,8000
